# Output of JWST_backgrounds version 1.1.2
# background cache version 1.0

# for RA=3.594322083333333, DEC=-30.39569444444442 On calendar day 180
# Columns: 
# - Wavelength [micron] 
# - Total background (MJy/sr)
# - In-field zodiacal light (MJy/sr)
# - In-field galactic light (MJy/sr)
# - Stray light (MJy/sr)
# - Thermal self-emission (MJy/sr)
0.500000    0.2365    0.2089    0.0017    0.0259    0.0000
0.600000    0.3181    0.2761    0.0024    0.0396    0.0000
0.700000    0.3561    0.3099    0.0030    0.0432    0.0000
0.800000    0.3692    0.3199    0.0036    0.0457    0.0000
0.900000    0.3648    0.3143    0.0041    0.0464    0.0000
1.000000    0.3595    0.2993    0.0046    0.0555    0.0000
1.100000    0.3374    0.2796    0.0051    0.0527    0.0000
1.200000    0.3131    0.2578    0.0055    0.0498    0.0000
1.300000    0.2943    0.2411    0.0059    0.0474    0.0000
1.400000    0.2813    0.2295    0.0062    0.0456    0.0000
1.500000    0.2682    0.2178    0.0065    0.0438    0.0000
1.600000    0.2554    0.2064    0.0068    0.0421    0.0000
1.700000    0.2430    0.1955    0.0071    0.0405    0.0000
1.800000    0.2281    0.1851    0.0073    0.0357    0.0000
1.900000    0.2171    0.1754    0.0075    0.0343    0.0000
2.000000    0.2068    0.1663    0.0076    0.0330    0.0000
2.100000    0.1976    0.1578    0.0077    0.0321    0.0000
2.200000    0.1890    0.1499    0.0078    0.0314    0.0000
2.300000    0.1788    0.1405    0.0079    0.0305    0.0000
2.400000    0.1695    0.1318    0.0080    0.0297    0.0000
2.500000    0.1608    0.1239    0.0080    0.0289    0.0000
2.600000    0.1528    0.1165    0.0081    0.0282    0.0000
2.700000    0.1454    0.1097    0.0081    0.0276    0.0000
2.800000    0.1385    0.1035    0.0081    0.0270    0.0000
2.900000    0.1262    0.0977    0.0081    0.0205    0.0000
3.000000    0.1204    0.0923    0.0081    0.0200    0.0000
3.100000    0.1147    0.0873    0.0081    0.0193    0.0000
3.200000    0.1099    0.0827    0.0084    0.0188    0.0000
3.300000    0.1069    0.0784    0.0098    0.0187    0.0000
3.400000    0.1000    0.0744    0.0080    0.0175    0.0000
3.500000    0.1170    0.0899    0.0079    0.0192    0.0000
3.700000    0.1291    0.1010    0.0079    0.0201    0.0000
4.000000    0.1710    0.1394    0.0080    0.0237    0.0000
4.250000    0.2319    0.1979    0.0079    0.0261    0.0000
4.500000    0.3290    0.2867    0.0079    0.0343    0.0000
4.750000    0.4633    0.4098    0.0080    0.0455    0.0000
5.000000    0.6364    0.5687    0.0081    0.0596    0.0000
5.100000    0.7329    0.6567    0.0082    0.0679    0.0001
5.200000    0.8403    0.7547    0.0083    0.0772    0.0001
5.300000    0.9610    0.8632    0.0098    0.0879    0.0001
5.400000    1.0903    0.9826    0.0087    0.0988    0.0002
5.500000    1.2341    1.1132    0.0094    0.1113    0.0002
5.700000    1.5634    1.4091    0.0136    0.1404    0.0004
5.900000    1.9396    1.7526    0.0136    0.1728    0.0007
6.100000    2.3813    2.1446    0.0246    0.2109    0.0011
6.300000    2.8946    2.5852    0.0483    0.2594    0.0017
6.500000    3.4016    3.0735    0.0261    0.2993    0.0027
6.700000    3.9855    3.6081    0.0239    0.3495    0.0040
6.900000    4.6252    4.1869    0.0269    0.4056    0.0058
7.100000    5.3104    4.8072    0.0293    0.4657    0.0083
7.300000    6.0484    5.4657    0.0391    0.5319    0.0117
7.500000    6.8417    6.1592    0.0610    0.6054    0.0162
7.700000    7.6604    6.8836    0.0748    0.6798    0.0221
7.900000    8.4769    7.6352    0.0625    0.7493    0.0299
8.100000    9.3158    8.4097    0.0460    0.8200    0.0401
8.300000    10.1952    9.2032    0.0422    0.8968    0.0531
8.500000    11.1053    10.0116    0.0462    0.9779    0.0697
8.700000    12.0238    10.8307    0.0437    1.0586    0.0907
8.900000    12.9409    11.6569    0.0300    1.1368    0.1172
9.100000    13.8821    12.4864    0.0264    1.2191    0.1502
9.300000    14.8342    13.3156    0.0249    1.3026    0.1912
9.500000    15.7939    14.1412    0.0245    1.3866    0.2415
9.700000    16.7589    14.9603    0.0261    1.4694    0.3031
9.900000    17.7286    15.7698    0.0272    1.5535    0.3780
10.100000    18.6951    16.5673    0.0265    1.6331    0.4682
10.300000    19.6608    17.3503    0.0259    1.7082    0.5764
10.500000    20.6336    18.1168    0.0287    1.7828    0.7053
10.700000    21.6090    18.8647    0.0309    1.8553    0.8580
10.900000    22.5922    19.5925    0.0351    1.9266    1.0380
11.100000    23.5982    20.2987    0.0516    1.9999    1.2480
11.300000    24.6243    20.9820    0.0757    2.0736    1.4930
11.500000    25.6179    21.6414    0.0660    2.1335    1.7770
11.700000    26.6118    22.2760    0.0455    2.1873    2.1030
11.900000    27.6517    22.8851    0.0435    2.2451    2.4780
12.100000    28.8141    23.5541    0.0453    2.3087    2.9060
12.300000    30.1111    24.2901    0.0477    2.3803    3.3930
12.500000    31.4527    25.0091    0.0495    2.4501    3.9440
12.700000    32.8455    25.7104    0.0510    2.5181    4.5660
12.900000    34.2876    26.3936    0.0474    2.5826    5.2640
13.100000    35.7904    27.0583    0.0408    2.6443    6.0470
13.300000    37.3673    27.7042    0.0377    2.7054    6.9200
13.500000    39.0267    28.3310    0.0379    2.7658    7.8920
13.700000    40.7703    28.9386    0.0367    2.8240    8.9710
13.900000    42.6112    29.5269    0.0344    2.8799    10.1700
14.100000    44.5556    30.0958    0.0349    2.9349    11.4900
14.300000    46.6072    30.6455    0.0341    2.9876    12.9400
14.500000    48.7875    31.1759    0.0331    3.0384    14.5400
14.700000    51.0961    31.6872    0.0316    3.0872    16.2900
14.900000    53.5554    32.1796    0.0312    3.1346    18.2100
15.100000    56.1745    32.6532    0.0310    3.1803    20.3100
15.300000    58.9625    33.1082    0.0302    3.2241    22.6000
15.500000    61.9452    33.5450    0.0330    3.2672    25.1000
16.500000    80.1538    35.4650    0.0349    3.4539    41.2000
17.500000    105.6548    36.9764    0.0368    3.6016    65.0400
18.500000    141.3586    38.1254    0.0386    3.7146    99.4800
19.500000    190.9970    38.9591    0.0404    3.7974    148.2000
20.500000    259.3189    39.5221    0.0425    3.8543    215.9000
21.500000    351.8892    39.8557    0.0445    3.8890    308.1000
22.500000    475.3481    39.9964    0.0466    3.9051    431.4000
23.500000    637.2309    39.9766    0.0486    3.9056    593.3000
24.500000    845.9683    39.8242    0.0509    3.8933    802.2000
25.500000    1110.1055    39.2155    0.0535    3.8365    1067.0000
26.500000    1439.9848    38.1893    0.0564    3.7390    1398.0000
27.500000    1846.8156    37.1190    0.0595    3.6372    1806.0000
28.500000    2338.6166    36.0213    0.0628    3.5325    2299.0000
29.500000    2928.4023    34.9098    0.0661    3.4263    2890.0000
30.500000    3624.1845    33.7952    0.0696    3.3197    3587.0000
31.000000    3934.5774    33.2396    0.0714    3.2665    3898.0000
