# Output of JWST_backgrounds version 1.1.2
# background cache version 1.0

# for RA=3.594322083333333, DEC=-30.39569444444442 On calendar day 179
# Columns: 
# - Wavelength [micron] 
# - Total background (MJy/sr)
# - In-field zodiacal light (MJy/sr)
# - In-field galactic light (MJy/sr)
# - Stray light (MJy/sr)
# - Thermal self-emission (MJy/sr)
0.500000    0.2375    0.2098    0.0017    0.0260    0.0000
0.600000    0.3195    0.2773    0.0024    0.0397    0.0000
0.700000    0.3577    0.3113    0.0030    0.0434    0.0000
0.800000    0.3708    0.3214    0.0036    0.0458    0.0000
0.900000    0.3664    0.3157    0.0041    0.0466    0.0000
1.000000    0.3610    0.3007    0.0046    0.0557    0.0000
1.100000    0.3388    0.2808    0.0051    0.0529    0.0000
1.200000    0.3144    0.2590    0.0055    0.0499    0.0000
1.300000    0.2956    0.2422    0.0059    0.0475    0.0000
1.400000    0.2825    0.2306    0.0062    0.0457    0.0000
1.500000    0.2693    0.2188    0.0065    0.0440    0.0000
1.600000    0.2565    0.2074    0.0068    0.0423    0.0000
1.700000    0.2442    0.1965    0.0071    0.0406    0.0000
1.800000    0.2292    0.1861    0.0073    0.0358    0.0000
1.900000    0.2182    0.1764    0.0075    0.0344    0.0000
2.000000    0.2079    0.1672    0.0076    0.0330    0.0000
2.100000    0.1986    0.1587    0.0077    0.0322    0.0000
2.200000    0.1900    0.1507    0.0078    0.0315    0.0000
2.300000    0.1798    0.1413    0.0079    0.0306    0.0000
2.400000    0.1703    0.1326    0.0080    0.0297    0.0000
2.500000    0.1616    0.1246    0.0080    0.0290    0.0000
2.600000    0.1536    0.1172    0.0081    0.0283    0.0000
2.700000    0.1461    0.1104    0.0081    0.0276    0.0000
2.800000    0.1392    0.1041    0.0081    0.0270    0.0000
2.900000    0.1269    0.0983    0.0081    0.0205    0.0000
3.000000    0.1210    0.0929    0.0081    0.0200    0.0000
3.100000    0.1153    0.0879    0.0081    0.0193    0.0000
3.200000    0.1105    0.0833    0.0084    0.0188    0.0000
3.300000    0.1075    0.0789    0.0098    0.0188    0.0000
3.400000    0.1005    0.0749    0.0080    0.0175    0.0000
3.500000    0.1179    0.0907    0.0079    0.0192    0.0000
3.700000    0.1302    0.1021    0.0079    0.0202    0.0000
4.000000    0.1729    0.1411    0.0080    0.0238    0.0000
4.250000    0.2348    0.2006    0.0079    0.0263    0.0000
4.500000    0.3333    0.2907    0.0079    0.0347    0.0000
4.750000    0.4694    0.4154    0.0080    0.0460    0.0000
5.000000    0.6448    0.5765    0.0081    0.0602    0.0000
5.100000    0.7425    0.6656    0.0082    0.0686    0.0001
5.200000    0.8513    0.7650    0.0083    0.0780    0.0001
5.300000    0.9736    0.8749    0.0098    0.0887    0.0001
5.400000    1.1045    0.9958    0.0087    0.0998    0.0002
5.500000    1.2500    1.1280    0.0094    0.1124    0.0002
5.700000    1.5832    1.4275    0.0136    0.1417    0.0004
5.900000    1.9638    1.7751    0.0136    0.1744    0.0007
6.100000    2.4103    2.1717    0.0246    0.2128    0.0011
6.300000    2.9290    2.6173    0.0483    0.2616    0.0017
6.500000    3.4416    3.1110    0.0261    0.3019    0.0027
6.700000    4.0316    3.6514    0.0239    0.3524    0.0040
6.900000    4.6778    4.2363    0.0269    0.4088    0.0058
7.100000    5.3697    4.8629    0.0293    0.4692    0.0083
7.300000    6.1147    5.5282    0.0391    0.5358    0.0117
7.500000    6.9151    6.2284    0.0610    0.6096    0.0162
7.700000    7.7412    6.9598    0.0748    0.6844    0.0221
7.900000    8.5651    7.7184    0.0625    0.7542    0.0299
8.100000    9.4114    8.5001    0.0460    0.8252    0.0401
8.300000    10.2983    9.3007    0.0422    0.9024    0.0531
8.500000    11.2158    10.1161    0.0462    0.9838    0.0697
8.700000    12.1415    10.9423    0.0437    1.0648    0.0907
8.900000    13.0658    11.7753    0.0300    1.1433    0.1172
9.100000    14.0140    12.6115    0.0264    1.2258    0.1502
9.300000    14.9730    13.4473    0.0249    1.3096    0.1912
9.500000    15.9393    14.2794    0.0245    1.3939    0.2415
9.700000    16.9108    15.1046    0.0261    1.4769    0.3031
9.900000    17.8866    15.9202    0.0272    1.5612    0.3780
10.100000    18.8590    16.7234    0.0265    1.6409    0.4682
10.300000    19.8304    17.5119    0.0259    1.7162    0.5764
10.500000    20.8085    18.2835    0.0287    1.7909    0.7053
10.700000    21.7890    19.0364    0.0309    1.8636    0.8580
10.900000    22.7770    19.7689    0.0351    1.9350    1.0380
11.100000    23.7875    20.4795    0.0516    2.0084    1.2480
11.300000    24.8178    21.1669    0.0757    2.0822    1.4930
11.500000    25.8154    21.8302    0.0660    2.1422    1.7770
11.700000    26.8129    22.4683    0.0455    2.1961    2.1030
11.900000    27.8561    23.0807    0.0435    2.2539    2.4780
12.100000    29.0223    23.7534    0.0453    2.3176    2.9060
12.300000    30.3237    24.4937    0.0477    2.3893    3.3930
12.500000    31.6694    25.2167    0.0495    2.4592    3.9440
12.700000    33.0661    25.9219    0.0510    2.5272    4.5660
12.900000    34.5119    26.6088    0.0474    2.5918    5.2640
13.100000    36.0182    27.2769    0.0408    2.6535    6.0470
13.300000    37.5984    27.9260    0.0377    2.7147    6.9200
13.500000    39.2610    28.5559    0.0379    2.7752    7.8920
13.700000    41.0074    29.1664    0.0367    2.8333    8.9710
13.900000    42.8510    29.7574    0.0344    2.8892    10.1700
14.100000    44.7980    30.3289    0.0349    2.9442    11.4900
14.300000    46.8520    30.8809    0.0341    2.9970    12.9400
14.500000    49.0344    31.4135    0.0331    3.0478    14.5400
14.700000    51.3450    31.9268    0.0316    3.0966    16.2900
14.900000    53.8062    32.4210    0.0312    3.1440    18.2100
15.100000    56.4270    32.8963    0.0310    3.1896    20.3100
15.300000    59.2166    33.3530    0.0302    3.2334    22.6000
15.500000    62.2006    33.7912    0.0330    3.2765    25.1000
16.500000    80.4141    35.7163    0.0349    3.4629    41.2000
17.500000    105.9173    37.2302    0.0368    3.6103    65.0400
18.500000    141.6210    38.3794    0.0386    3.7230    99.4800
19.500000    191.2574    39.2116    0.0404    3.8054    148.2000
20.500000    259.5761    39.7718    0.0425    3.8618    215.9000
21.500000    352.1421    40.1015    0.0445    3.8961    308.1000
22.500000    475.5960    40.2377    0.0466    3.9118    431.4000
23.500000    637.4733    40.2127    0.0486    3.9119    593.3000
24.500000    846.2048    40.0548    0.0509    3.8992    802.2000
25.500000    1110.3339    39.4385    0.0535    3.8420    1067.0000
26.500000    1440.2033    38.4027    0.0564    3.7441    1398.0000
27.500000    1847.0244    37.3231    0.0595    3.6418    1806.0000
28.500000    2338.8159    36.2164    0.0628    3.5368    2299.0000
29.500000    2928.5925    35.0961    0.0661    3.4302    2890.0000
30.500000    3624.3661    33.9732    0.0696    3.3233    3587.0000
31.000000    3934.7547    33.4134    0.0714    3.2699    3898.0000
