# Output of JWST_backgrounds version 1.1.2
# background cache version 1.0

# for RA=3.594322083333333, DEC=-30.39569444444442 at wavelength=2.0 micron 
# Columns: 
# - Calendar day (Jan1=0) 
# - Total background (MJy/sr)
156    0.2417
157    0.2392
158    0.2372
159    0.2348
160    0.2324
161    0.2302
162    0.2284
163    0.2266
164    0.2249
165    0.2233
166    0.2218
167    0.2202
168    0.2188
169    0.2173
170    0.2201
171    0.2187
172    0.2170
173    0.2156
174    0.2143
175    0.2131
176    0.2119
177    0.2108
178    0.2097
179    0.2079
180    0.2068
181    0.2059
182    0.2049
183    0.2040
184    0.2032
185    0.2023
186    0.2015
187    0.2041
188    0.2033
189    0.2026
190    0.2055
191    0.2048
192    0.2042
193    0.2036
194    0.2029
195    0.2023
196    0.2018
197    0.2013
198    0.2008
199    0.2003
200    0.1999
201    0.1994
202    0.1990
203    0.1986
204    0.1983
205    0.1979
206    0.1976
207    0.1973
208    0.1970
209    0.1967
210    0.1929
211    0.1926
212    0.1949
213    0.1946
214    0.1944
215    0.1950
216    0.1948
217    0.1946
218    0.1944
293    0.1844
294    0.1846
295    0.1849
296    0.1852
297    0.1834
298    0.1837
299    0.1840
300    0.1828
301    0.1832
302    0.1835
303    0.1839
304    0.1843
305    0.1847
306    0.1852
307    0.1856
308    0.1861
309    0.1866
310    0.1872
311    0.1877
312    0.1860
313    0.1867
314    0.1861
315    0.1867
316    0.1873
317    0.1880
318    0.1887
319    0.1895
320    0.1902
321    0.1910
322    0.1918
323    0.1926
324    0.1936
325    0.1945
326    0.1930
327    0.1932
328    0.1941
329    0.1951
330    0.1961
331    0.1972
332    0.1983
333    0.1994
334    0.2006
335    0.2018
336    0.2030
337    0.2043
338    0.2055
339    0.2069
340    0.2076
341    0.2090
342    0.2079
343    0.2093
344    0.2107
345    0.2123
346    0.2141
347    0.2159
348    0.2178
349    0.2198
350    0.2219
351    0.2242
