# Output of JWST_backgrounds version 1.1.2
# background cache version 1.0

# for RA=260.6995666666667, DEC=65.82265 On calendar day 238
# Columns: 
# - Wavelength [micron] 
# - Total background (MJy/sr)
# - In-field zodiacal light (MJy/sr)
# - In-field galactic light (MJy/sr)
# - Stray light (MJy/sr)
# - Thermal self-emission (MJy/sr)
0.500000    0.1305    0.1083    0.0025    0.0197    0.0000
0.600000    0.1823    0.1431    0.0035    0.0356    0.0000
0.700000    0.2029    0.1606    0.0043    0.0379    0.0000
0.800000    0.2108    0.1658    0.0051    0.0399    0.0000
0.900000    0.2092    0.1629    0.0056    0.0407    0.0000
1.000000    0.2203    0.1551    0.0060    0.0592    0.0000
1.100000    0.2084    0.1449    0.0063    0.0571    0.0000
1.200000    0.1952    0.1336    0.0067    0.0549    0.0000
1.300000    0.1855    0.1253    0.0070    0.0532    0.0000
1.400000    0.1790    0.1198    0.0074    0.0518    0.0000
1.500000    0.1723    0.1142    0.0077    0.0505    0.0000
1.600000    0.1658    0.1087    0.0080    0.0491    0.0000
1.700000    0.1594    0.1034    0.0082    0.0478    0.0000
1.800000    0.1477    0.0983    0.0084    0.0410    0.0000
1.900000    0.1420    0.0935    0.0086    0.0398    0.0000
2.000000    0.1365    0.0890    0.0088    0.0387    0.0000
2.100000    0.1321    0.0848    0.0089    0.0384    0.0000
2.200000    0.1280    0.0809    0.0090    0.0382    0.0000
2.300000    0.1229    0.0759    0.0091    0.0378    0.0000
2.400000    0.1182    0.0714    0.0093    0.0376    0.0000
2.500000    0.1138    0.0672    0.0094    0.0373    0.0000
2.600000    0.1099    0.0633    0.0095    0.0371    0.0000
2.700000    0.1062    0.0597    0.0096    0.0369    0.0000
2.800000    0.1028    0.0564    0.0097    0.0368    0.0000
2.900000    0.0885    0.0533    0.0097    0.0254    0.0000
3.000000    0.0855    0.0505    0.0098    0.0252    0.0000
3.100000    0.0824    0.0478    0.0099    0.0247    0.0000
3.200000    0.0807    0.0454    0.0108    0.0245    0.0000
3.300000    0.0831    0.0431    0.0144    0.0255    0.0001
3.400000    0.0743    0.0410    0.0101    0.0231    0.0001
3.500000    0.0912    0.0561    0.0101    0.0248    0.0002
3.700000    0.1034    0.0672    0.0102    0.0256    0.0003
4.000000    0.1399    0.1000    0.0105    0.0284    0.0009
4.250000    0.1862    0.1465    0.0106    0.0271    0.0019
4.500000    0.2617    0.2139    0.0109    0.0333    0.0035
4.750000    0.3627    0.3039    0.0112    0.0414    0.0061
5.000000    0.4891    0.4163    0.0117    0.0512    0.0099
5.100000    0.5590    0.4779    0.0119    0.0574    0.0118
5.200000    0.6359    0.5458    0.0120    0.0641    0.0140
5.300000    0.7251    0.6201    0.0159    0.0725    0.0165
5.400000    0.8133    0.7011    0.0132    0.0797    0.0194
5.500000    0.9148    0.7887    0.0148    0.0888    0.0225
5.700000    1.1510    0.9846    0.0254    0.1112    0.0299
5.900000    1.4052    1.2079    0.0253    0.1332    0.0388
6.100000    1.7241    1.4582    0.0534    0.1629    0.0495
6.300000    2.1199    1.7350    0.1140    0.2088    0.0621
6.500000    2.3926    2.0369    0.0569    0.2220    0.0769
6.700000    2.7605    2.3623    0.0511    0.2531    0.0940
6.900000    3.1725    2.7095    0.0587    0.2907    0.1136
7.100000    3.6070    3.0762    0.0647    0.3301    0.1360
7.300000    4.0892    3.4601    0.0897    0.3776    0.1617
7.500000    4.6322    3.8590    0.1456    0.4368    0.1909
7.700000    5.1665    4.2702    0.1807    0.4913    0.2243
7.900000    5.6287    4.6914    0.1490    0.5259    0.2623
8.100000    6.0905    5.1201    0.1066    0.5581    0.3057
8.300000    6.6073    5.5538    0.0965    0.6017    0.3553
8.500000    7.1615    5.9904    0.1065    0.6525    0.4121
8.700000    7.7034    6.4277    0.0999    0.6984    0.4774
8.900000    8.2155    6.8635    0.0646    0.7351    0.5523
9.100000    8.7703    7.2960    0.0552    0.7805    0.6386
9.300000    9.3400    7.7235    0.0511    0.8276    0.7379
9.500000    9.9218    8.1444    0.0498    0.8754    0.8522
9.700000    10.5163    8.5571    0.0538    0.9216    0.9837
9.900000    11.1218    8.9606    0.0563    0.9699    1.1350
10.100000    11.7290    9.3535    0.0542    1.0133    1.3080
10.300000    12.3476    9.7350    0.0525    1.0532    1.5070
10.500000    12.9923    10.1041    0.0594    1.0949    1.7340
10.700000    13.6526    10.4602    0.0648    1.1346    1.9930
10.900000    14.3396    10.8027    0.0752    1.1747    2.2870
11.100000    15.0935    11.1311    0.1171    1.2243    2.6210
11.300000    15.9007    11.4450    0.1786    1.2791    2.9980
11.500000    16.6221    11.7442    0.1535    1.3024    3.4220
11.700000    17.3426    12.0284    0.1007    1.3146    3.8990
11.900000    18.1677    12.2976    0.0955    1.3417    4.4330
12.100000    19.0988    12.5977    0.0997    1.3734    5.0280
12.300000    20.1400    12.9321    0.1056    1.4113    5.6910
12.500000    21.2397    13.2558    0.1101    1.4477    6.4260
12.700000    22.4031    13.5688    0.1137    1.4826    7.2380
12.900000    23.6211    13.8710    0.1042    1.5119    8.1340
13.100000    24.9046    14.1623    0.0869    1.5373    9.1180
13.300000    26.2864    14.4428    0.0787    1.5648    10.2000
13.500000    27.7657    14.7125    0.0790    1.5941    11.3800
13.700000    29.3383    14.9715    0.0758    1.6211    12.6700
13.900000    31.0054    15.2198    0.0696    1.6459    14.0700
14.100000    32.8003    15.4577    0.0705    1.6721    15.6000
14.300000    34.6996    15.6852    0.0683    1.6961    17.2500
14.500000    36.7268    15.9025    0.0655    1.7189    19.0400
14.700000    38.8813    16.1098    0.0614    1.7401    20.9700
14.900000    41.1785    16.3073    0.0600    1.7613    23.0500
15.100000    43.6261    16.4951    0.0594    1.7817    25.2900
15.300000    46.2313    16.6735    0.0572    1.8006    27.7000
15.500000    49.0184    16.8428    0.0640    1.8216    30.2900
16.500000    65.7887    17.5589    0.0675    1.9023    46.2600
17.500000    88.5128    18.0795    0.0710    1.9623    68.4000
18.500000    119.1917    18.4332    0.0742    2.0043    98.6800
19.500000    160.4555    18.6466    0.0776    2.0312    139.7000
20.500000    215.7703    18.7436    0.0812    2.0455    194.9000
21.500000    289.4791    18.7450    0.0847    2.0494    268.6000
22.500000    386.8018    18.6689    0.0882    2.0447    366.0000
23.500000    513.8552    18.5303    0.0917    2.0331    493.2000
24.500000    677.6536    18.3422    0.0954    2.0160    657.2000
25.500000    885.7334    17.9560    0.0999    1.9775    865.7000
26.500000    1146.4165    17.3914    0.1054    1.9197    1127.0000
27.500000    1468.7910    16.8192    0.1109    1.8609    1450.0000
28.500000    1861.1644    16.2458    0.1168    1.8018    1843.0000
29.500000    2332.5419    15.6763    0.1227    1.7429    2315.0000
30.500000    2890.9280    15.1145    0.1288    1.6847    2874.0000
31.000000    3141.6252    14.8374    0.1319    1.6560    3125.0000
