detector,filtername,observtn,wave,filtwidth,x,y,median,median_clipped,visit,effexptime,PHOTMJSR,sb_mjsr,sb_mjsr_std,shortdet
NRCA1,F090W,2,0.902,0.194,2048.0,2048.0,0.0538078605209589,0.0536959135,1.0,730.1,2.9961,0.16121373090684496,0.011922458333564279,A1
NRCA1,F115W,2,1.154,0.225,2048.0,2048.0,0.05891578256990335,0.05880321,1.0,730.1,2.9628,0.17455568059810966,0.012366349439347045,A1
NRCA1,F150W,2,1.501,0.318,2048.0,2048.0,0.075074845,0.07465648,1.0,418.734,2.2512,0.169008491064,0.011146969951526992,A1
NRCA1,F200W,2,1.989,0.457,2048.0,2048.0,0.06824663,0.06783766,1.0,418.734,1.8917,0.129102149971,0.005900951356563853,A1
NRCA2,F090W,2,0.902,0.194,2048.0,2048.0,0.05211484059691425,0.0519927165,1.0,730.1,3.2824,0.17106175277531133,0.004252813962199885,A2
NRCA2,F115W,2,1.154,0.225,2048.0,2048.0,0.0574655922208595,0.057304743500000005,1.0,730.1,3.1012,0.1782122945953295,0.014061940574964762,A2
NRCA2,F150W,2,1.501,0.318,2048.0,2048.0,0.07410770750000001,0.07352569,1.0,418.734,2.3836,0.176643131597,0.006570502284406409,A2
NRCA2,F200W,2,1.989,0.457,2048.0,2048.0,0.06440549659135815,0.06424181749999999,1.0,418.734,2.0807,0.13400851675763892,0.011174718378654669,A2
NRCA3,F090W,2,0.902,0.194,2048.0,2048.0,0.0579532165,0.057686881999999995,1.0,730.1,2.954,0.171193801541,0.0013506636509480184,A3
NRCA3,F115W,2,1.154,0.225,2048.0,2048.0,0.0613620858485031,0.061005807,1.0,730.1,2.9486,0.18093224633289623,0.009136855603603698,A3
NRCA3,F150W,2,1.501,0.318,2048.0,2048.0,0.07733713808092116,0.0768711875,1.0,418.734,2.2037,0.17042785118892595,0.00518753258021767,A3
NRCA3,F200W,2,1.989,0.457,2048.0,2048.0,0.072202845,0.07162253,1.0,418.734,1.8281,0.13199402094450002,0.002205648599814327,A3
NRCA4,F090W,2,0.902,0.194,2048.0,2048.0,0.0594357160451736,0.059214815000000004,1.0,730.1,2.9096,0.17293415940503712,0.0062166328495141705,A4
NRCA4,F115W,2,1.154,0.225,2048.0,2048.0,0.06663406249975201,0.06631096,1.0,730.1,2.7757,0.18495616728056163,0.004608284245559003,A4
NRCA4,F150W,2,1.501,0.318,2048.0,2048.0,0.08083082521329879,0.08032332,1.0,418.734,2.1021,0.16991447768087542,0.012283282440234732,A4
NRCA4,F200W,2,1.989,0.457,2048.0,2048.0,0.07403832069975849,0.07356257999999999,1.0,418.734,1.8054,0.13366878419134398,0.003866206440640786,A4
NRCALONG,F277W,2,2.762,0.683,2048.0,2048.0,0.16224370999999999,0.16197927,1.0,418.734,0.4908,0.079629212868,0.0010632450410393193,ALONG
NRCALONG,F356W,2,3.568,0.781,2048.0,2048.0,0.21305453000000002,0.212803305,1.0,418.734,0.4047,0.08622316829099999,0.0009521858478472952,ALONG
NRCALONG,F410M,2,4.082,0.438,2048.0,2048.0,0.1655369714680862,0.16572028,1.0,730.1,0.8704,0.1440833799658222,0.0007173506182382201,ALONG
NRCALONG,F444W,2,4.408,1.029,2048.0,2048.0,0.6677251568908691,0.671470565,1.0,730.1,0.3925,0.26208212407966613,0.0002608604014503742,ALONG
NRCB1,F090W,2,0.902,0.194,2048.0,2048.0,0.04756719762439725,0.0474251515,1.0,730.1,3.564,0.1695294923333518,0.005368449339812274,B1
NRCB1,F115W,2,1.154,0.225,2048.0,2048.0,0.0569480789946537,0.0567793905,1.0,730.1,3.2719,0.18632841966260744,0.004066212745298246,B1
NRCB1,F150W,2,1.501,0.318,2048.0,2048.0,0.072916217,0.072547525,1.0,418.734,2.4124,0.1759030818908,0.0041749064046200145,B1
NRCB1,F200W,2,1.989,0.457,2048.0,2048.0,0.06720776,0.0669422275,1.0,418.734,2.0223,0.13591425304799998,0.00745530482042296,B1
NRCB2,F090W,2,0.902,0.194,2048.0,2048.0,0.05160817131400105,0.0514554965,1.0,730.1,3.4274,0.1768818463616072,0.0068680205429950646,B2
NRCB2,F115W,2,1.154,0.225,2048.0,2048.0,0.059369854629039695,0.0591638145,1.0,730.1,3.1282,0.185720779250562,0.005944667075856479,B2
NRCB2,F150W,2,1.501,0.318,2048.0,2048.0,0.07210790019961355,0.0716598075,1.0,418.734,2.3054,0.1662375531201891,0.0067376938755371015,B2
NRCB2,F200W,2,1.989,0.457,2048.0,2048.0,0.06871524595329284,0.068205349,1.0,418.734,1.9519,0.1341252885762323,0.006347307554280823,B2
NRCB3,F090W,2,0.902,0.194,2048.0,2048.0,0.0532493945754499,0.052895712,1.0,730.1,3.4248,0.1823685265420008,0.006328009099059647,B3
NRCB3,F115W,2,1.154,0.225,2048.0,2048.0,0.05890160985291,0.058479848,1.0,730.1,3.1863,0.18767819947432712,0.0028228874533552254,B3
NRCB3,F150W,2,1.501,0.318,2048.0,2048.0,0.07346535231564519,0.0728910455,1.0,418.734,2.3518,0.17277581557593436,0.005253699507736292,B3
NRCB3,F200W,2,1.989,0.457,2048.0,2048.0,0.07049486413598055,0.069919625,1.0,418.734,1.9572,0.13797254808694115,0.006408507113201062,B3
NRCB4,F090W,2,0.902,0.194,2048.0,2048.0,0.0575797735,0.057207893499999996,1.0,730.1,3.0434,0.1752382826699,0.004593817157500785,B4
NRCB4,F115W,2,1.154,0.225,2048.0,2048.0,0.07079534977674479,0.070138065,1.0,730.1,2.6985,0.19104125137254585,0.00993191541015388,B4
NRCB4,F150W,2,1.501,0.318,2048.0,2048.0,0.0859823154750137,0.08521356,1.0,418.734,2.0288,0.1744409216357078,0.009372032781380907,B4
NRCB4,F200W,2,1.989,0.457,2048.0,2048.0,0.073505980503149,0.07259660500000001,1.0,418.734,1.7715,0.13021584446132844,0.008157124408347894,B4
NRCBLONG,F277W,2,2.762,0.683,2048.0,2048.0,0.1863490790128708,0.18525,1.0,418.734,0.4175,0.07780074048787355,0.0009109038758809092,BLONG
NRCBLONG,F356W,2,3.568,0.781,2048.0,2048.0,0.237526755,0.23660876,1.0,418.734,0.376,0.08931005988000001,0.0011299607238325227,BLONG
NRCBLONG,F410M,2,4.082,0.438,2048.0,2048.0,0.1718857131571388,0.171455525,1.0,730.1,0.8751,0.15041718758381217,0.0017692422323810587,BLONG
NRCBLONG,F444W,2,4.408,1.029,2048.0,2048.0,0.691484630454712,0.6916553999999999,1.0,730.1,0.3728,0.2577854702335166,0.0002109241781586982,BLONG
