# Output of JWST_backgrounds version 1.1.2
# background cache version 1.0

# for RA=260.6995666666667, DEC=65.82265 On calendar day 242
# Columns: 
# - Wavelength [micron] 
# - Total background (MJy/sr)
# - In-field zodiacal light (MJy/sr)
# - In-field galactic light (MJy/sr)
# - Stray light (MJy/sr)
# - Thermal self-emission (MJy/sr)
0.500000    0.1300    0.1079    0.0025    0.0197    0.0000
0.600000    0.1817    0.1426    0.0035    0.0356    0.0000
0.700000    0.2022    0.1600    0.0043    0.0378    0.0000
0.800000    0.2101    0.1652    0.0051    0.0398    0.0000
0.900000    0.2085    0.1623    0.0056    0.0407    0.0000
1.000000    0.2197    0.1546    0.0060    0.0591    0.0000
1.100000    0.2077    0.1444    0.0063    0.0570    0.0000
1.200000    0.1946    0.1331    0.0067    0.0548    0.0000
1.300000    0.1849    0.1248    0.0070    0.0531    0.0000
1.400000    0.1784    0.1193    0.0074    0.0517    0.0000
1.500000    0.1718    0.1138    0.0077    0.0503    0.0000
1.600000    0.1653    0.1083    0.0080    0.0490    0.0000
1.700000    0.1589    0.1030    0.0082    0.0477    0.0000
1.800000    0.1472    0.0979    0.0084    0.0409    0.0000
1.900000    0.1415    0.0932    0.0086    0.0397    0.0000
2.000000    0.1361    0.0887    0.0088    0.0386    0.0000
2.100000    0.1317    0.0845    0.0089    0.0383    0.0000
2.200000    0.1276    0.0806    0.0090    0.0381    0.0000
2.300000    0.1226    0.0756    0.0091    0.0378    0.0000
2.400000    0.1180    0.0711    0.0093    0.0376    0.0000
2.500000    0.1137    0.0669    0.0094    0.0374    0.0000
2.600000    0.1097    0.0630    0.0095    0.0372    0.0000
2.700000    0.1061    0.0595    0.0096    0.0371    0.0000
2.800000    0.1028    0.0562    0.0097    0.0370    0.0000
2.900000    0.0885    0.0531    0.0097    0.0256    0.0000
3.000000    0.0856    0.0503    0.0098    0.0255    0.0000
3.100000    0.0825    0.0476    0.0099    0.0249    0.0000
3.200000    0.0808    0.0452    0.0108    0.0248    0.0000
3.300000    0.0832    0.0429    0.0144    0.0258    0.0001
3.400000    0.0744    0.0408    0.0101    0.0233    0.0001
3.500000    0.0913    0.0560    0.0101    0.0251    0.0002
3.700000    0.1035    0.0671    0.0102    0.0258    0.0003
4.000000    0.1400    0.0999    0.0105    0.0286    0.0009
4.250000    0.1863    0.1465    0.0106    0.0273    0.0019
4.500000    0.2618    0.2138    0.0109    0.0335    0.0035
4.750000    0.3626    0.3037    0.0112    0.0416    0.0061
5.000000    0.4888    0.4159    0.0117    0.0514    0.0099
5.100000    0.5586    0.4773    0.0119    0.0575    0.0118
5.200000    0.6354    0.5450    0.0120    0.0643    0.0140
5.300000    0.7244    0.6192    0.0159    0.0727    0.0165
5.400000    0.8124    0.7000    0.0132    0.0799    0.0194
5.500000    0.9137    0.7874    0.0148    0.0890    0.0225
5.700000    1.1494    0.9827    0.0254    0.1114    0.0299
5.900000    1.4028    1.2052    0.0253    0.1335    0.0388
6.100000    1.7208    1.4547    0.0534    0.1632    0.0495
6.300000    2.1155    1.7304    0.1140    0.2089    0.0621
6.500000    2.3871    2.0311    0.0569    0.2222    0.0769
6.700000    2.7536    2.3551    0.0511    0.2533    0.0940
6.900000    3.1640    2.7007    0.0587    0.2909    0.1136
7.100000    3.5967    3.0657    0.0647    0.3303    0.1360
7.300000    4.0769    3.4478    0.0897    0.3776    0.1617
7.500000    4.6176    3.8446    0.1456    0.4366    0.1909
7.700000    5.1495    4.2536    0.1807    0.4909    0.2243
7.900000    5.6094    4.6725    0.1490    0.5255    0.2623
8.100000    6.0688    5.0987    0.1066    0.5578    0.3057
8.300000    6.5830    5.5300    0.0965    0.6012    0.3553
8.500000    7.1343    5.9639    0.1065    0.6518    0.4121
8.700000    7.6734    6.3984    0.0999    0.6977    0.4774
8.900000    8.1827    6.8315    0.0646    0.7343    0.5523
9.100000    8.7346    7.2612    0.0552    0.7796    0.6386
9.300000    9.3013    7.6859    0.0511    0.8265    0.7379
9.500000    9.8801    8.1038    0.0498    0.8742    0.8522
9.700000    10.4714    8.5137    0.0538    0.9202    0.9837
9.900000    11.0738    8.9143    0.0563    0.9682    1.1350
10.100000    11.6780    9.3044    0.0542    1.0115    1.3080
10.300000    12.2937    9.6830    0.0525    1.0513    1.5070
10.500000    12.9355    10.0493    0.0594    1.0927    1.7340
10.700000    13.5928    10.4027    0.0648    1.1324    1.9930
10.900000    14.2769    10.7425    0.0752    1.1723    2.2870
11.100000    15.0278    11.0682    0.1171    1.2215    2.6210
11.300000    15.8321    11.3796    0.1786    1.2759    2.9980
11.500000    16.5510    11.6762    0.1535    1.2992    3.4220
11.700000    17.2692    11.9580    0.1007    1.3115    3.8990
11.900000    18.0919    12.2248    0.0955    1.3385    4.4330
12.100000    19.0203    12.5224    0.0997    1.3701    5.0280
12.300000    20.0586    12.8540    0.1056    1.4079    5.6910
12.500000    21.1554    13.1751    0.1101    1.4441    6.4260
12.700000    22.3161    13.4855    0.1137    1.4789    7.2380
12.900000    23.5313    13.7851    0.1042    1.5081    8.1340
13.100000    24.8123    14.0739    0.0869    1.5335    9.1180
13.300000    26.1916    14.3519    0.0787    1.5609    10.2000
13.500000    27.6683    14.6192    0.0790    1.5901    11.3800
13.700000    29.2386    14.8758    0.0758    1.6170    12.6700
13.900000    30.9033    15.1219    0.0696    1.6417    14.0700
14.100000    32.6959    15.3576    0.0705    1.6678    15.6000
14.300000    34.5929    15.5829    0.0683    1.6917    17.2500
14.500000    36.6180    15.7982    0.0655    1.7144    19.0400
14.700000    38.7704    16.0035    0.0614    1.7355    20.9700
14.900000    41.0656    16.1990    0.0600    1.7566    23.0500
15.100000    43.5113    16.3850    0.0594    1.7769    25.2900
15.300000    46.1146    16.5616    0.0572    1.7957    27.7000
15.500000    48.8998    16.7292    0.0640    1.8166    30.2900
16.500000    65.6620    17.4376    0.0675    1.8969    46.2600
17.500000    88.3797    17.9522    0.0710    1.9565    68.4000
18.500000    119.0536    18.3011    0.0742    1.9983    98.6800
19.500000    160.3136    18.5110    0.0776    2.0250    139.7000
20.500000    215.6258    18.6055    0.0812    2.0391    194.9000
21.500000    289.3329    18.6054    0.0847    2.0428    268.6000
22.500000    386.6547    18.5284    0.0882    2.0380    366.0000
23.500000    513.7078    18.3897    0.0917    2.0264    493.2000
24.500000    677.5064    18.2019    0.0954    2.0092    657.2000
25.500000    885.5883    17.8176    0.0999    1.9708    865.7000
26.500000    1146.2750    17.2565    0.1054    1.9131    1127.0000
27.500000    1468.6533    16.6880    0.1109    1.8544    1450.0000
28.500000    1861.0306    16.1184    0.1168    1.7954    1843.0000
29.500000    2332.4121    15.5527    0.1227    1.7367    2315.0000
30.500000    2890.8022    14.9948    0.1288    1.6786    2874.0000
31.000000    3141.5015    14.7197    0.1319    1.6500    3125.0000
