detector,filtername,observtn,wave,filtwidth,x,y,median,median_clipped,visit,sb_mjsr,sb_mjsr_std,shortdet
MIRIMAGE,F1000W,1,10.0,2.0,1024.0,1032.0,29.779579162597656,29.548675537109375,1.0,29.779579162597656,0.010217787518360314,MIRI
MIRIMAGE,F1000W,2,10.0,2.0,1024.0,1032.0,13.091963768005373,13.092087745666504,1.0,13.091963768005373,0.018925122373116166,MIRI
MIRIMAGE,F1000W,3,10.0,2.0,1024.0,1032.0,13.082743644714355,13.087058067321776,1.0,13.082743644714355,0.0215858408011072,MIRI
MIRIMAGE,F1000W,4,10.0,2.0,1024.0,1032.0,12.767017364501951,12.771954536437988,1.0,12.767017364501951,0.017750042633657644,MIRI
MIRIMAGE,F1000W,5,10.0,2.0,1024.0,1032.0,12.69214391708374,12.695904731750488,1.0,12.69214391708374,0.015086060659365895,MIRI
MIRIMAGE,F1000W,6,10.0,2.0,1024.0,1032.0,13.04818058013916,13.05115795135498,1.0,13.04818058013916,0.015486062027764442,MIRI
MIRIMAGE,F1000W,7,10.0,2.0,1024.0,1032.0,32.81513214111328,32.80189895629883,1.0,32.81513214111328,0.05198561902693375,MIRI
MIRIMAGE,F1000W,8,10.0,2.0,1024.0,1032.0,30.401479721069336,30.385072708129883,1.0,30.401479721069336,0.0134715467846333,MIRI
MIRIMAGE,F1280W,1,12.8,2.4,1024.0,1032.0,90.81968688964844,88.73670196533203,1.0,90.81968688964844,0.128167007261014,MIRI
MIRIMAGE,F1280W,2,12.8,2.4,1024.0,1032.0,24.45075225830078,24.454672813415527,1.0,24.45075225830078,0.015308274740389968,MIRI
MIRIMAGE,F1280W,3,12.8,2.4,1024.0,1032.0,24.124263763427734,24.134002685546875,1.0,24.124263763427734,0.0191477269218627,MIRI
MIRIMAGE,F1280W,4,12.8,2.4,1024.0,1032.0,23.602006912231445,23.617990493774418,1.0,23.602006912231445,0.021876968548011754,MIRI
MIRIMAGE,F1280W,5,12.8,2.4,1024.0,1032.0,23.86790180206299,23.877710342407227,1.0,23.86790180206299,0.02105233092718227,MIRI
MIRIMAGE,F1280W,6,12.8,2.4,1024.0,1032.0,23.69746971130371,23.708171844482425,1.0,23.69746971130371,0.015009255590854552,MIRI
MIRIMAGE,F1280W,7,12.8,2.4,1024.0,1032.0,54.67580986022949,54.66749572753906,1.0,54.67580986022949,0.034954482205920324,MIRI
MIRIMAGE,F1280W,8,12.8,2.4,1024.0,1032.0,78.67130279541016,78.88028717041016,1.0,78.67130279541016,0.07110285264443557,MIRI
MIRIMAGE,F560W,1,5.6,1.2,1024.0,1032.0,17.10807704925537,16.642863273620605,1.0,17.10807704925537,0.07915568823850848,MIRI
MIRIMAGE,F560W,2,5.6,1.2,1024.0,1032.0,1.55159991979599,1.5476002097129822,1.0,1.55159991979599,0.07179495484518784,MIRI
MIRIMAGE,F560W,3,5.6,1.2,1024.0,1032.0,1.531960904598236,1.5305601358413696,1.0,1.531960904598236,0.046450582502723436,MIRI
MIRIMAGE,F560W,4,5.6,1.2,1024.0,1032.0,1.5971313118934631,1.5956131219863892,1.0,1.5971313118934631,0.05873582005932874,MIRI
MIRIMAGE,F560W,5,5.6,1.2,1024.0,1032.0,1.6258891224861145,1.6227946281433103,1.0,1.6258891224861145,0.05366056437167159,MIRI
MIRIMAGE,F560W,6,5.6,1.2,1024.0,1032.0,1.6343767046928406,1.632099449634552,1.0,1.6343767046928406,0.05988608550508204,MIRI
MIRIMAGE,F560W,7,5.6,1.2,1024.0,1032.0,3.5844210386276245,3.580993175506592,1.0,3.5844210386276245,0.08644897834481916,MIRI
MIRIMAGE,F560W,8,5.6,1.2,1024.0,1032.0,12.884674072265623,12.403775215148926,1.0,12.884674072265623,0.0474208782581892,MIRI
MIRIMAGE,F770W,1,7.7,2.2,1024.0,1032.0,80.37022018432617,77.20303726196289,1.0,80.37022018432617,0.2233835485961802,MIRI
MIRIMAGE,F770W,2,7.7,2.2,1024.0,1032.0,5.045274019241333,5.0457234382629395,1.0,5.045274019241333,0.02004936178285631,MIRI
MIRIMAGE,F770W,3,7.7,2.2,1024.0,1032.0,4.988527536392212,4.9909772872924805,1.0,4.988527536392212,0.02057874765131726,MIRI
MIRIMAGE,F770W,4,7.7,2.2,1024.0,1032.0,5.277617692947388,5.279783725738525,1.0,5.277617692947388,0.022425717770959853,MIRI
MIRIMAGE,F770W,5,7.7,2.2,1024.0,1032.0,5.006161212921143,5.006946086883545,1.0,5.006161212921143,0.02066772151795014,MIRI
MIRIMAGE,F770W,6,7.7,2.2,1024.0,1032.0,5.225691556930542,5.227461338043213,1.0,5.225691556930542,0.021396695712455442,MIRI
MIRIMAGE,F770W,7,7.7,2.2,1024.0,1032.0,13.092029571533203,13.093153953552246,1.0,13.092029571533203,0.04299546467469093,MIRI
MIRIMAGE,F770W,8,7.7,2.2,1024.0,1032.0,63.304813385009766,63.39211082458496,1.0,63.304813385009766,0.132344984115717,MIRI
NIS,F115W,12,1.154,0.225,2048.0,2048.0,0.16914205,0.1685328,1.0,0.16914205,,NIS
NIS,F115W,13,1.154,0.225,2048.0,2048.0,0.15522641,0.15467668,1.0,0.15522641,,NIS
NIS,F115W,14,1.154,0.225,2048.0,2048.0,0.18426731,0.18317564,1.0,0.18426731,,NIS
NIS,F115W,15,1.154,0.225,2048.0,2048.0,0.18359807,0.18187538,1.0,0.18359807,,NIS
NIS,F115W,16,1.154,0.225,2048.0,2048.0,0.17949483,0.17794396,1.0,0.17949483,,NIS
NIS,F200W,12,1.989,0.457,2048.0,2048.0,0.13958329,0.13887429,1.0,0.13958329,,NIS
NIS,F200W,13,1.989,0.457,2048.0,2048.0,0.12637666,0.12574047,1.0,0.12637666,,NIS
NIS,F200W,14,1.989,0.457,2048.0,2048.0,0.13896304,0.1376038,1.0,0.13896304,,NIS
NIS,F200W,15,1.989,0.457,2048.0,2048.0,0.1502209,0.14853573,1.0,0.1502209,,NIS
NIS,F200W,16,1.989,0.457,2048.0,2048.0,0.13333264,0.13180918,1.0,0.13333264,,NIS
