# Output of JWST_backgrounds version 1.1.2
# background cache version 1.0

# for RA=110.8274095833333, DEC=-73.45473611111112 On calendar day 168
# Columns: 
# - Wavelength [micron] 
# - Total background (MJy/sr)
# - In-field zodiacal light (MJy/sr)
# - In-field galactic light (MJy/sr)
# - Stray light (MJy/sr)
# - Thermal self-emission (MJy/sr)
0.500000    0.1517    0.1192    0.0094    0.0230    0.0000
0.600000    0.2158    0.1576    0.0136    0.0447    0.0000
0.700000    0.2398    0.1769    0.0157    0.0472    0.0000
0.800000    0.2502    0.1826    0.0179    0.0497    0.0000
0.900000    0.2481    0.1793    0.0179    0.0508    0.0000
1.000000    0.2703    0.1708    0.0180    0.0814    0.0000
1.100000    0.2561    0.1596    0.0175    0.0790    0.0000
1.200000    0.2407    0.1471    0.0170    0.0766    0.0000
1.300000    0.2294    0.1378    0.0170    0.0746    0.0000
1.400000    0.2220    0.1315    0.0174    0.0731    0.0000
1.500000    0.2145    0.1252    0.0177    0.0715    0.0000
1.600000    0.2070    0.1190    0.0180    0.0700    0.0000
1.700000    0.1998    0.1130    0.0182    0.0686    0.0000
1.800000    0.1867    0.1073    0.0184    0.0610    0.0000
1.900000    0.1802    0.1020    0.0186    0.0596    0.0000
2.000000    0.1741    0.0969    0.0188    0.0584    0.0000
2.100000    0.1691    0.0922    0.0189    0.0580    0.0000
2.200000    0.1645    0.0878    0.0190    0.0578    0.0000
2.300000    0.1596    0.0824    0.0197    0.0575    0.0000
2.400000    0.1552    0.0774    0.0205    0.0572    0.0000
2.500000    0.1511    0.0728    0.0212    0.0570    0.0000
2.600000    0.1474    0.0686    0.0219    0.0569    0.0000
2.700000    0.1441    0.0647    0.0226    0.0568    0.0000
2.800000    0.1411    0.0611    0.0234    0.0567    0.0000
2.900000    0.1208    0.0577    0.0241    0.0390    0.0000
3.000000    0.1183    0.0546    0.0248    0.0389    0.0000
3.100000    0.1156    0.0517    0.0255    0.0383    0.0000
3.200000    0.1191    0.0491    0.0315    0.0386    0.0000
3.300000    0.1427    0.0466    0.0546    0.0415    0.0000
3.400000    0.1092    0.0443    0.0282    0.0367    0.0000
3.500000    0.1241    0.0579    0.0284    0.0378    0.0000
3.700000    0.1362    0.0679    0.0300    0.0383    0.0000
4.000000    0.1721    0.0990    0.0325    0.0406    0.0000
4.250000    0.2136    0.1443    0.0346    0.0348    0.0000
4.500000    0.2883    0.2110    0.0368    0.0405    0.0000
4.750000    0.3886    0.3013    0.0391    0.0481    0.0000
5.000000    0.5154    0.4157    0.0421    0.0576    0.0000
5.100000    0.5860    0.4786    0.0438    0.0636    0.0001
5.200000    0.6629    0.5482    0.0445    0.0702    0.0001
5.300000    0.7743    0.6247    0.0688    0.0806    0.0001
5.400000    0.8461    0.7084    0.0514    0.0861    0.0002
5.500000    0.9571    0.7993    0.0616    0.0960    0.0002
5.700000    1.2559    1.0037    0.1277    0.1241    0.0004
5.900000    1.5114    1.2382    0.1264    0.1460    0.0007
6.100000    1.9953    1.5030    0.3022    0.1889    0.0011
6.300000    2.7499    1.7975    0.6808    0.2698    0.0017
6.500000    2.6974    2.1207    0.3231    0.2509    0.0027
6.700000    3.0410    2.4710    0.2865    0.2795    0.0040
6.900000    3.5090    2.8468    0.3339    0.3226    0.0058
7.100000    3.9918    3.2458    0.3709    0.3668    0.0083
7.300000    4.6350    3.6656    0.5270    0.4307    0.0117
7.500000    5.5211    4.1039    0.8761    0.5250    0.0162
7.700000    6.2785    4.5579    1.0955    0.6029    0.0221
7.900000    6.5724    5.0250    0.8963    0.6212    0.0299
8.100000    6.8025    5.5024    0.6296    0.6304    0.0401
8.300000    7.2770    5.9877    0.5656    0.6706    0.0531
8.500000    7.9055    6.4781    0.6271    0.7306    0.0697
8.700000    8.4231    6.9712    0.5854    0.7758    0.0907
8.900000    8.7393    7.4647    0.3635    0.7939    0.1172
9.100000    9.2473    7.9563    0.3039    0.8369    0.1502
9.300000    9.7974    8.4441    0.2771    0.8849    0.1912
9.500000    10.3721    8.9262    0.2687    0.9357    0.2415
9.700000    10.9821    9.4008    0.2929    0.9853    0.3031
9.900000    11.5910    9.8664    0.3076    1.0390    0.3780
10.100000    12.1680    10.3216    0.2933    1.0849    0.4682
10.300000    12.7505    10.7651    0.2816    1.1273    0.5764
10.500000    13.4025    11.1960    0.3241    1.1771    0.7053
10.700000    14.0522    11.6132    0.3569    1.2241    0.8580
10.900000    14.7496    12.0160    0.4211    1.2746    1.0380
11.100000    15.6892    12.4037    0.6827    1.3548    1.2480
11.300000    16.7887    12.7758    1.0670    1.4529    1.4930
11.500000    17.2817    13.1318    0.9092    1.4637    1.7770
11.700000    17.5972    13.4715    0.5774    1.4453    2.1030
11.900000    18.2896    13.7947    0.5444    1.4725    2.4780
12.100000    19.1377    14.1528    0.5700    1.5089    2.9060
12.300000    20.1036    14.5498    0.6062    1.5546    3.3930
12.500000    21.1105    14.9353    0.6335    1.5977    3.9440
12.700000    22.1685    15.3090    0.6548    1.6387    4.5660
12.900000    23.1948    15.6708    0.5944    1.6657    5.2640
13.100000    24.2366    16.0206    0.4853    1.6837    6.0470
13.300000    25.4211    16.3583    0.4332    1.7096    6.9200
13.500000    26.7527    16.6839    0.4341    1.7427    7.8920
13.700000    28.1525    16.9975    0.4129    1.7711    8.9710
13.900000    29.6382    17.2992    0.3736    1.7954    10.1700
14.100000    31.2827    17.5890    0.3782    1.8256    11.4900
14.300000    33.0218    17.8670    0.3634    1.8514    12.9400
14.500000    34.8938    18.1334    0.3448    1.8756    14.5400
14.700000    36.8939    18.3883    0.3182    1.8973    16.2900
14.900000    39.0717    18.6320    0.3090    1.9207    18.2100
15.100000    41.4225    18.8646    0.3042    1.9437    20.3100
15.300000    43.9405    19.0864    0.2900    1.9641    22.6000
15.500000    46.7220    19.2975    0.3321    1.9924    25.1000
16.500000    63.8390    20.2018    0.3491    2.0881    41.2000
17.500000    88.4437    20.8768    0.3659    2.1609    65.0400
18.500000    123.4301    21.3539    0.3824    2.2138    99.4800
19.500000    172.5115    21.6629    0.3988    2.2498    148.2000
20.500000    240.4179    21.8312    0.4152    2.2715    215.9000
21.500000    332.6958    21.8829    0.4315    2.2814    308.1000
22.500000    455.9681    21.8389    0.4476    2.2815    431.4000
23.500000    617.7546    21.7173    0.4637    2.2737    593.3000
24.500000    826.4723    21.5332    0.4797    2.2593    802.2000
25.500000    1090.8351    21.1124    0.5010    2.2217    1067.0000
26.500000    1421.1683    20.4775    0.5279    2.1630    1398.0000
27.500000    1828.4874    19.8294    0.5552    2.1028    1806.0000
28.500000    2320.8014    19.1763    0.5830    2.0421    2299.0000
29.500000    2911.1170    18.5245    0.6112    1.9813    2890.0000
30.500000    3607.4398    17.8788    0.6398    1.9212    3587.0000
31.000000    3918.1052    17.5595    0.6543    1.8914    3898.0000
