# Output of JWST_backgrounds version 1.1.2
# background cache version 1.0

# for RA=110.8274095833333, DEC=-73.45473611111112 On calendar day 158
# Columns: 
# - Wavelength [micron] 
# - Total background (MJy/sr)
# - In-field zodiacal light (MJy/sr)
# - In-field galactic light (MJy/sr)
# - Stray light (MJy/sr)
# - Thermal self-emission (MJy/sr)
0.500000    0.1485    0.1164    0.0094    0.0227    0.0000
0.600000    0.2115    0.1538    0.0136    0.0441    0.0000
0.700000    0.2350    0.1726    0.0157    0.0466    0.0000
0.800000    0.2451    0.1782    0.0179    0.0490    0.0000
0.900000    0.2431    0.1750    0.0179    0.0501    0.0000
1.000000    0.2657    0.1667    0.0180    0.0810    0.0000
1.100000    0.2519    0.1557    0.0175    0.0787    0.0000
1.200000    0.2369    0.1436    0.0170    0.0763    0.0000
1.300000    0.2258    0.1345    0.0170    0.0743    0.0000
1.400000    0.2186    0.1284    0.0174    0.0728    0.0000
1.500000    0.2112    0.1222    0.0177    0.0713    0.0000
1.600000    0.2039    0.1161    0.0180    0.0699    0.0000
1.700000    0.1969    0.1102    0.0182    0.0684    0.0000
1.800000    0.1868    0.1047    0.0184    0.0637    0.0000
1.900000    0.1804    0.0994    0.0186    0.0624    0.0000
2.000000    0.1744    0.0945    0.0188    0.0612    0.0000
2.100000    0.1696    0.0899    0.0189    0.0609    0.0000
2.200000    0.1651    0.0856    0.0190    0.0606    0.0000
2.300000    0.1604    0.0803    0.0197    0.0603    0.0000
2.400000    0.1561    0.0754    0.0205    0.0601    0.0000
2.500000    0.1521    0.0710    0.0212    0.0600    0.0000
2.600000    0.1486    0.0668    0.0219    0.0598    0.0000
2.700000    0.1454    0.0630    0.0226    0.0597    0.0000
2.800000    0.1425    0.0595    0.0234    0.0596    0.0000
2.900000    0.1229    0.0562    0.0241    0.0425    0.0000
3.000000    0.1205    0.0532    0.0248    0.0425    0.0000
3.100000    0.1178    0.0504    0.0255    0.0419    0.0000
3.200000    0.1214    0.0478    0.0315    0.0421    0.0000
3.300000    0.1451    0.0454    0.0546    0.0452    0.0000
3.400000    0.1116    0.0431    0.0282    0.0403    0.0000
3.500000    0.1260    0.0563    0.0284    0.0414    0.0000
3.700000    0.1378    0.0660    0.0300    0.0418    0.0000
4.000000    0.1727    0.0961    0.0325    0.0440    0.0000
4.250000    0.2121    0.1400    0.0346    0.0375    0.0000
4.500000    0.2846    0.2047    0.0368    0.0431    0.0000
4.750000    0.3820    0.2924    0.0391    0.0505    0.0000
5.000000    0.5052    0.4033    0.0421    0.0597    0.0000
5.100000    0.5739    0.4643    0.0438    0.0657    0.0001
5.200000    0.6486    0.5319    0.0445    0.0721    0.0001
5.300000    0.7575    0.6061    0.0688    0.0825    0.0001
5.400000    0.8267    0.6874    0.0514    0.0877    0.0002
5.500000    0.9350    0.7756    0.0616    0.0975    0.0002
5.700000    1.2275    0.9740    0.1277    0.1254    0.0004
5.900000    1.4757    1.2017    0.1264    0.1469    0.0007
6.100000    1.9508    1.4587    0.3022    0.1888    0.0011
6.300000    2.6977    1.7447    0.6808    0.2705    0.0017
6.500000    2.6340    2.0584    0.3231    0.2497    0.0027
6.700000    2.9667    2.3987    0.2865    0.2775    0.0040
6.900000    3.4234    2.7636    0.3339    0.3201    0.0058
7.100000    3.8941    3.1512    0.3709    0.3637    0.0083
7.300000    4.5252    3.5591    0.5270    0.4275    0.0117
7.500000    5.3998    3.9848    0.8761    0.5227    0.0162
7.700000    6.1446    4.4259    1.0955    0.6010    0.0221
7.900000    6.4235    4.8798    0.8963    0.6175    0.0299
8.100000    6.6379    5.3438    0.6296    0.6244    0.0401
8.300000    7.0974    5.8153    0.5656    0.6634    0.0531
8.500000    7.7116    6.2920    0.6271    0.7228    0.0697
8.700000    8.2143    6.7713    0.5854    0.7669    0.0907
8.900000    8.5143    7.2510    0.3635    0.7826    0.1172
9.100000    9.0073    7.7291    0.3039    0.8242    0.1502
9.300000    9.5427    8.2034    0.2771    0.8710    0.1912
9.500000    10.1031    8.6721    0.2687    0.9207    0.2415
9.700000    10.6978    9.1337    0.2929    0.9681    0.3031
9.900000    11.2930    9.5865    0.3076    1.0209    0.3780
10.100000    11.8565    10.0293    0.2933    1.0657    0.4682
10.300000    12.4259    10.4608    0.2816    1.1071    0.5764
10.500000    13.0656    10.8799    0.3241    1.1563    0.7053
10.700000    13.7034    11.2859    0.3569    1.2026    0.8580
10.900000    14.3896    11.6778    0.4211    1.2527    1.0380
11.100000    15.3200    12.0551    0.6827    1.3341    1.2480
11.300000    16.4116    12.4173    1.0670    1.4343    1.4930
11.500000    16.8932    12.7639    0.9092    1.4431    1.7770
11.700000    17.1965    13.0946    0.5774    1.4215    2.1030
11.900000    17.8795    13.4093    0.5444    1.4478    2.4780
12.100000    18.7167    13.7579    0.5700    1.4828    2.9060
12.300000    19.6714    14.1444    0.6062    1.5279    3.3930
12.500000    20.6676    14.5197    0.6335    1.5704    3.9440
12.700000    21.7151    14.8836    0.6548    1.6108    4.5660
12.900000    22.7307    15.2358    0.5944    1.6365    5.2640
13.100000    23.7617    15.5765    0.4853    1.6530    6.0470
13.300000    24.9363    15.9054    0.4332    1.6777    6.9200
13.500000    26.2587    16.2225    0.4341    1.7101    7.8920
13.700000    27.6496    16.5280    0.4129    1.7377    8.9710
13.900000    29.1265    16.8219    0.3736    1.7611    10.1700
14.100000    30.7631    17.1042    0.3782    1.7906    11.4900
14.300000    32.4943    17.3751    0.3634    1.8158    12.9400
14.500000    34.3588    17.6347    0.3448    1.8393    14.5400
14.700000    36.3517    17.8832    0.3182    1.8603    16.2900
14.900000    38.5228    18.1208    0.3090    1.8830    18.2100
15.100000    40.8673    18.3476    0.3042    1.9055    20.3100
15.300000    43.3791    18.5638    0.2900    1.9254    22.6000
15.500000    46.1552    18.7696    0.3321    1.9535    25.1000
16.500000    63.2483    19.6519    0.3491    2.0474    41.2000
17.500000    87.8359    20.3110    0.3659    2.1189    65.0400
18.500000    122.8108    20.7775    0.3824    2.1709    99.4800
19.500000    171.8856    21.0804    0.3988    2.2064    148.2000
20.500000    239.7893    21.2462    0.4152    2.2279    215.9000
21.500000    332.0677    21.2984    0.4315    2.2378    308.1000
22.500000    455.3432    21.2574    0.4476    2.2382    431.4000
23.500000    617.1350    21.1407    0.4637    2.2307    593.3000
24.500000    825.8596    20.9630    0.4797    2.2169    802.2000
25.500000    1090.2360    20.5547    0.5010    2.1803    1067.0000
26.500000    1420.5888    19.9378    0.5279    2.1232    1398.0000
27.500000    1827.9277    19.3079    0.5552    2.0646    1806.0000
28.500000    2320.2615    18.6730    0.5830    2.0055    2299.0000
29.500000    2910.5968    18.0392    0.6112    1.9463    2890.0000
30.500000    3606.9389    17.4113    0.6398    1.8877    3587.0000
31.000000    3917.6138    17.1008    0.6543    1.8588    3898.0000
