# Output of JWST_backgrounds version 1.1.2
# background cache version 1.0

# for RA=110.8274095833333, DEC=-73.45473611111112 On calendar day 165
# Columns: 
# - Wavelength [micron] 
# - Total background (MJy/sr)
# - In-field zodiacal light (MJy/sr)
# - In-field galactic light (MJy/sr)
# - Stray light (MJy/sr)
# - Thermal self-emission (MJy/sr)
0.500000    0.1507    0.1183    0.0094    0.0229    0.0000
0.600000    0.2145    0.1564    0.0136    0.0445    0.0000
0.700000    0.2383    0.1756    0.0157    0.0470    0.0000
0.800000    0.2486    0.1812    0.0179    0.0495    0.0000
0.900000    0.2465    0.1780    0.0179    0.0505    0.0000
1.000000    0.2686    0.1696    0.0180    0.0811    0.0000
1.100000    0.2545    0.1584    0.0175    0.0787    0.0000
1.200000    0.2393    0.1460    0.0170    0.0763    0.0000
1.300000    0.2281    0.1368    0.0170    0.0743    0.0000
1.400000    0.2207    0.1306    0.0174    0.0728    0.0000
1.500000    0.2132    0.1243    0.0177    0.0713    0.0000
1.600000    0.2059    0.1181    0.0180    0.0698    0.0000
1.700000    0.1987    0.1122    0.0182    0.0683    0.0000
1.800000    0.1858    0.1065    0.0184    0.0608    0.0000
1.900000    0.1793    0.1012    0.0186    0.0595    0.0000
2.000000    0.1732    0.0962    0.0188    0.0582    0.0000
2.100000    0.1683    0.0915    0.0189    0.0579    0.0000
2.200000    0.1637    0.0871    0.0190    0.0576    0.0000
2.300000    0.1588    0.0817    0.0197    0.0573    0.0000
2.400000    0.1544    0.0768    0.0205    0.0571    0.0000
2.500000    0.1503    0.0722    0.0212    0.0569    0.0000
2.600000    0.1467    0.0680    0.0219    0.0567    0.0000
2.700000    0.1434    0.0642    0.0226    0.0566    0.0000
2.800000    0.1404    0.0606    0.0234    0.0565    0.0000
2.900000    0.1201    0.0573    0.0241    0.0388    0.0000
3.000000    0.1177    0.0542    0.0248    0.0387    0.0000
3.100000    0.1149    0.0513    0.0255    0.0381    0.0000
3.200000    0.1184    0.0487    0.0315    0.0383    0.0000
3.300000    0.1418    0.0462    0.0546    0.0411    0.0000
3.400000    0.1086    0.0439    0.0282    0.0364    0.0000
3.500000    0.1233    0.0574    0.0284    0.0376    0.0000
3.700000    0.1353    0.0673    0.0300    0.0380    0.0000
4.000000    0.1709    0.0981    0.0325    0.0403    0.0000
4.250000    0.2119    0.1429    0.0346    0.0345    0.0000
4.500000    0.2859    0.2090    0.0368    0.0401    0.0000
4.750000    0.3853    0.2985    0.0391    0.0477    0.0000
5.000000    0.5109    0.4117    0.0421    0.0570    0.0000
5.100000    0.5809    0.4740    0.0438    0.0631    0.0001
5.200000    0.6571    0.5430    0.0445    0.0696    0.0001
5.300000    0.7675    0.6188    0.0688    0.0798    0.0001
5.400000    0.8386    0.7017    0.0514    0.0854    0.0002
5.500000    0.9487    0.7918    0.0616    0.0951    0.0002
5.700000    1.2450    0.9942    0.1277    0.1227    0.0004
5.900000    1.4983    1.2266    0.1264    0.1445    0.0007
6.100000    1.9783    1.4890    0.3022    0.1860    0.0011
6.300000    2.7273    1.7807    0.6808    0.2640    0.0017
6.500000    2.6743    2.1010    0.3231    0.2476    0.0027
6.700000    3.0149    2.4481    0.2865    0.2763    0.0040
6.900000    3.4791    2.8205    0.3339    0.3190    0.0058
7.100000    3.9579    3.2159    0.3709    0.3629    0.0083
7.300000    4.5961    3.6320    0.5270    0.4255    0.0117
7.500000    5.4757    4.0663    0.8761    0.5171    0.0162
7.700000    6.2273    4.5163    1.0955    0.5934    0.0221
7.900000    6.5185    4.9792    0.8963    0.6131    0.0299
8.100000    6.7463    5.4525    0.6296    0.6242    0.0401
8.300000    7.2170    5.9334    0.5656    0.6649    0.0531
8.500000    7.8408    6.4195    0.6271    0.7245    0.0697
8.700000    8.3544    6.9083    0.5854    0.7700    0.0907
8.900000    8.6680    7.3975    0.3635    0.7898    0.1172
9.100000    9.1722    7.8849    0.3039    0.8333    0.1502
9.300000    9.7184    8.3685    0.2771    0.8816    0.1912
9.500000    10.2892    8.8464    0.2687    0.9325    0.2415
9.700000    10.8951    9.3170    0.2929    0.9821    0.3031
9.900000    11.5000    9.7786    0.3076    1.0358    0.3780
10.100000    12.0733    10.2299    0.2933    1.0819    0.4682
10.300000    12.6521    10.6697    0.2816    1.1244    0.5764
10.500000    13.3002    11.0969    0.3241    1.1739    0.7053
10.700000    13.9461    11.5106    0.3569    1.2205    0.8580
10.900000    14.6397    11.9101    0.4211    1.2705    1.0380
11.100000    15.5741    12.2945    0.6827    1.3488    1.2480
11.300000    16.6676    12.6636    1.0670    1.4441    1.4930
11.500000    17.1589    13.0167    0.9092    1.4560    1.7770
11.700000    17.4741    13.3536    0.5774    1.4400    2.1030
11.900000    18.1640    13.6742    0.5444    1.4675    2.4780
12.100000    19.0091    14.0293    0.5700    1.5037    2.9060
12.300000    19.9713    14.4231    0.6062    1.5491    3.3930
12.500000    20.9749    14.8054    0.6335    1.5920    3.9440
12.700000    22.0297    15.1761    0.6548    1.6328    4.5660
12.900000    23.0535    15.5349    0.5944    1.6602    5.2640
13.100000    24.0933    15.8819    0.4853    1.6791    6.0470
13.300000    25.2754    16.2169    0.4332    1.7053    6.9200
13.500000    26.6044    16.5399    0.4341    1.7384    7.8920
13.700000    28.0018    16.8510    0.4129    1.7669    8.9710
13.900000    29.4854    17.1503    0.3736    1.7915    10.1700
14.100000    31.1276    17.4378    0.3782    1.8216    11.4900
14.300000    32.8646    17.7136    0.3634    1.8476    12.9400
14.500000    34.7346    17.9779    0.3448    1.8719    14.5400
14.700000    36.7330    18.2309    0.3182    1.8939    16.2900
14.900000    38.9089    18.4727    0.3090    1.9173    18.2100
15.100000    41.2580    18.7035    0.3042    1.9403    20.3100
15.300000    43.7744    18.9236    0.2900    1.9608    22.6000
15.500000    46.5540    19.1331    0.3321    1.9888    25.1000
16.500000    63.6641    20.0307    0.3491    2.0844    41.2000
17.500000    88.2639    20.7009    0.3659    2.1571    65.0400
18.500000    123.2470    21.1747    0.3824    2.2099    99.4800
19.500000    172.3265    21.4820    0.3988    2.2458    148.2000
20.500000    240.2322    21.6496    0.4152    2.2675    215.9000
21.500000    332.5102    21.7015    0.4315    2.2773    308.1000
22.500000    455.7835    21.6585    0.4476    2.2773    431.4000
23.500000    617.5715    21.5385    0.4637    2.2694    593.3000
24.500000    826.2912    21.3565    0.4797    2.2550    802.2000
25.500000    1090.6578    20.9396    0.5010    2.2172    1067.0000
26.500000    1420.9966    20.3103    0.5279    2.1584    1398.0000
27.500000    1828.3212    19.6679    0.5552    2.0981    1806.0000
28.500000    2320.6407    19.0205    0.5830    2.0372    2299.0000
29.500000    2910.9618    18.3743    0.6112    1.9763    2890.0000
30.500000    3607.2899    17.7341    0.6398    1.9160    3587.0000
31.000000    3917.9580    17.4176    0.6543    1.8861    3898.0000
