# Output of JWST_backgrounds version 1.1.2
# background cache version 1.0

# for RA=120.0208333333333, DEC=-60.00277777777779 On calendar day 126
# Columns: 
# - Wavelength [micron] 
# - Total background (MJy/sr)
# - In-field zodiacal light (MJy/sr)
# - In-field galactic light (MJy/sr)
# - Stray light (MJy/sr)
# - Thermal self-emission (MJy/sr)
0.500000    0.1427    0.1099    0.0097    0.0231    0.0000
0.600000    0.2059    0.1453    0.0140    0.0466    0.0000
0.700000    0.2283    0.1631    0.0162    0.0489    0.0000
0.800000    0.2382    0.1684    0.0185    0.0513    0.0000
0.900000    0.2364    0.1654    0.0185    0.0525    0.0000
1.000000    0.2624    0.1575    0.0186    0.0863    0.0000
1.100000    0.2490    0.1471    0.0180    0.0840    0.0000
1.200000    0.2347    0.1357    0.0175    0.0816    0.0000
1.300000    0.2242    0.1271    0.0175    0.0796    0.0000
1.400000    0.2172    0.1213    0.0178    0.0781    0.0000
1.500000    0.2101    0.1154    0.0181    0.0765    0.0000
1.600000    0.2031    0.1097    0.0184    0.0750    0.0000
1.700000    0.1964    0.1042    0.0187    0.0735    0.0000
1.800000    0.1819    0.0989    0.0189    0.0641    0.0000
1.900000    0.1758    0.0940    0.0191    0.0628    0.0000
2.000000    0.1700    0.0893    0.0192    0.0615    0.0000
2.100000    0.1657    0.0849    0.0193    0.0615    0.0000
2.200000    0.1617    0.0809    0.0194    0.0614    0.0000
2.300000    0.1575    0.0759    0.0202    0.0614    0.0000
2.400000    0.1538    0.0713    0.0210    0.0614    0.0000
2.500000    0.1503    0.0671    0.0217    0.0615    0.0000
2.600000    0.1473    0.0632    0.0225    0.0616    0.0000
2.700000    0.1445    0.0596    0.0232    0.0617    0.0000
2.800000    0.1421    0.0562    0.0240    0.0619    0.0000
2.900000    0.1200    0.0532    0.0247    0.0421    0.0000
3.000000    0.1181    0.0503    0.0255    0.0423    0.0000
3.100000    0.1155    0.0476    0.0262    0.0416    0.0000
3.200000    0.1193    0.0452    0.0324    0.0417    0.0000
3.300000    0.1437    0.0429    0.0564    0.0444    0.0001
3.400000    0.1096    0.0408    0.0290    0.0397    0.0001
3.500000    0.1238    0.0537    0.0292    0.0407    0.0002
3.700000    0.1355    0.0633    0.0309    0.0410    0.0003
4.000000    0.1698    0.0926    0.0335    0.0428    0.0009
4.250000    0.2079    0.1350    0.0356    0.0354    0.0019
4.500000    0.2793    0.1972    0.0380    0.0405    0.0035
4.750000    0.3752    0.2812    0.0404    0.0475    0.0061
5.000000    0.4968    0.3872    0.0435    0.0562    0.0099
5.100000    0.5644    0.4454    0.0452    0.0619    0.0118
5.200000    0.6379    0.5098    0.0459    0.0681    0.0140
5.300000    0.7457    0.5806    0.0712    0.0774    0.0165
5.400000    0.8133    0.6579    0.0531    0.0829    0.0194
5.500000    0.9200    0.7418    0.0637    0.0920    0.0225
5.700000    1.2095    0.9301    0.1323    0.1173    0.0299
5.900000    1.4536    1.1459    0.1310    0.1379    0.0388
6.100000    1.9259    1.3891    0.3134    0.1739    0.0495
6.300000    2.6704    1.6593    0.7063    0.2427    0.0621
6.500000    2.5988    1.9554    0.3351    0.2314    0.0769
6.700000    2.9258    2.2760    0.2971    0.2588    0.0940
6.900000    3.3773    2.6194    0.3462    0.2982    0.1136
7.100000    3.8430    2.9836    0.3846    0.3387    0.1360
7.300000    4.4701    3.3666    0.5466    0.3952    0.1617
7.500000    5.3419    3.7658    0.9088    0.4764    0.1909
7.700000    6.0844    4.1790    1.1365    0.5446    0.2243
7.900000    6.3611    4.6038    0.9298    0.5652    0.2623
8.100000    6.5751    5.0375    0.6530    0.5788    0.3057
8.300000    7.0373    5.4779    0.5866    0.6174    0.3553
8.500000    7.6571    5.9227    0.6505    0.6718    0.4121
8.700000    8.1687    6.3696    0.6072    0.7145    0.4774
8.900000    8.4813    6.8164    0.3769    0.7357    0.5523
9.100000    8.9917    7.2613    0.3150    0.7767    0.6386
9.300000    9.5493    7.7024    0.2873    0.8218    0.7379
9.500000    10.1377    8.1380    0.2785    0.8690    0.8522
9.700000    10.7676    8.5665    0.3036    0.9137    0.9837
9.900000    11.4037    8.9866    0.3189    0.9632    1.1350
10.100000    12.0149    9.3970    0.3040    1.0058    1.3080
10.300000    12.6408    9.7967    0.2919    1.0452    1.5070
10.500000    13.3449    10.1847    0.3359    1.0902    1.7340
10.700000    14.0559    10.5601    0.3700    1.1328    1.9930
10.900000    14.8239    10.9223    0.4366    1.1780    2.2870
11.100000    15.8464    11.2708    0.7081    1.2465    2.6210
11.300000    17.0388    11.6049    1.1068    1.3291    2.9980
11.500000    17.6316    11.9245    0.9431    1.3420    3.4220
11.700000    18.0586    12.2292    0.5988    1.3316    3.8990
11.900000    18.8735    12.5188    0.5645    1.3572    4.4330
12.100000    19.8489    12.8401    0.5911    1.3896    5.0280
12.300000    20.9472    13.1967    0.6286    1.4309    5.6910
12.500000    22.0957    13.5428    0.6570    1.4699    6.4260
12.700000    23.3023    13.8781    0.6790    1.5072    7.2380
12.900000    24.4860    14.2026    0.6164    1.5330    8.1340
13.100000    25.6892    14.5162    0.5032    1.5517    9.1180
13.300000    27.0445    14.8189    0.4491    1.5764    10.2000
13.500000    28.5473    15.1106    0.4500    1.6067    11.3800
13.700000    30.1226    15.3915    0.4280    1.6331    12.6700
13.900000    31.7748    15.6615    0.3872    1.6562    14.0700
14.100000    33.5964    15.9207    0.3920    1.6836    15.6000
14.300000    35.5035    16.1694    0.3766    1.7076    17.2500
14.500000    37.5349    16.4075    0.3574    1.7300    19.0400
14.700000    39.6855    16.6353    0.3298    1.7504    20.9700
14.900000    41.9950    16.8530    0.3201    1.7719    23.0500
15.100000    44.4588    17.0606    0.3152    1.7930    25.2900
15.300000    47.0709    17.2585    0.3005    1.8119    27.7000
15.500000    49.9178    17.4468    0.3441    1.8369    30.2900
16.500000    66.7974    18.2521    0.3617    1.9237    46.2600
17.500000    89.6197    18.8511    0.3792    1.9894    68.4000
18.500000    120.3856    19.2725    0.3962    2.0369    98.6800
19.500000    161.7253    19.5433    0.4132    2.0689    139.7000
20.500000    217.1060    19.6880    0.4302    2.0879    194.9000
21.500000    290.8714    19.7284    0.4470    2.0960    268.6000
22.500000    388.2424    19.6834    0.4638    2.0952    366.0000
23.500000    515.3366    19.5691    0.4804    2.0871    493.2000
24.500000    679.1693    19.3992    0.4970    2.0731    657.2000
25.500000    887.2732    19.0165    0.5190    2.0376    865.7000
26.500000    1147.9712    18.4416    0.5469    1.9827    1127.0000
27.500000    1470.3569    17.8553    0.5751    1.9265    1450.0000
28.500000    1862.7387    17.2650    0.6039    1.8698    1843.0000
29.500000    2334.1224    16.6761    0.6331    1.8131    2315.0000
30.500000    2892.5129    16.0932    0.6627    1.7570    2874.0000
31.000000    3143.2119    15.8050    0.6777    1.7292    3125.0000
