# Output of JWST_backgrounds version 1.1.2
# background cache version 1.0

# for RA=268.45, DEC=-26.14999999999998 On calendar day 122
# Columns: 
# - Wavelength [micron] 
# - Total background (MJy/sr)
# - In-field zodiacal light (MJy/sr)
# - In-field galactic light (MJy/sr)
# - Stray light (MJy/sr)
# - Thermal self-emission (MJy/sr)
0.500000    1.3593    0.2759    1.0337    0.0497    0.0000
0.600000    1.9579    0.3646    1.4952    0.0981    0.0000
0.700000    2.2210    0.4093    1.7070    0.1047    0.0000
0.800000    2.4479    0.4225    1.9145    0.1109    0.0000
0.900000    2.3780    0.4150    1.8510    0.1120    0.0000
1.000000    2.4466    0.3953    1.7960    0.2552    0.0000
1.100000    2.2794    0.3693    1.6623    0.2479    0.0000
1.200000    2.1301    0.3405    1.5489    0.2407    0.0000
1.300000    2.0508    0.3173    1.4987    0.2348    0.0000
1.400000    2.0291    0.2999    1.4991    0.2302    0.0000
1.500000    2.0076    0.2827    1.4994    0.2256    0.0000
1.600000    1.9868    0.2661    1.4997    0.2210    0.0000
1.700000    1.9668    0.2503    1.4999    0.2166    0.0000
1.800000    2.0544    0.2355    1.5001    0.3188    0.0000
1.900000    2.0339    0.2217    1.5003    0.3120    0.0000
2.000000    2.0145    0.2088    1.5004    0.3052    0.0000
2.100000    1.9995    0.1969    1.5006    0.3021    0.0000
2.200000    1.9855    0.1858    1.5006    0.2991    0.0000
2.300000    2.0600    0.1736    1.5897    0.2967    0.0000
2.400000    2.1367    0.1624    1.6798    0.2945    0.0000
2.500000    2.2155    0.1521    1.7711    0.2923    0.0000
2.600000    2.2962    0.1426    1.8635    0.2901    0.0000
2.700000    2.3788    0.1339    1.9569    0.2881    0.0000
2.800000    2.4632    0.1258    2.0514    0.2860    0.0000
2.900000    2.5040    0.1183    2.1469    0.2388    0.0000
3.000000    2.5918    0.1115    2.2434    0.2370    0.0000
3.100000    2.6844    0.1051    2.3413    0.2380    0.0000
3.200000    3.4391    0.0992    3.0953    0.2447    0.0000
3.300000    6.3651    0.0937    6.0012    0.2702    0.0001
3.400000    3.0406    0.0886    2.7101    0.2418    0.0001
3.500000    3.0816    0.0970    2.7398    0.2446    0.0002
3.700000    3.3088    0.1020    2.9573    0.2492    0.0003
4.000000    3.6772    0.1260    3.2920    0.2582    0.0009
4.250000    3.9535    0.1667    3.5782    0.2067    0.0019
4.500000    4.3246    0.2312    3.8709    0.2190    0.0035
4.750000    4.7337    0.3235    4.1699    0.2341    0.0061
5.000000    5.2633    0.4459    4.5546    0.2529    0.0099
5.100000    5.5505    0.5144    4.7622    0.2621    0.0118
5.200000    5.7239    0.5914    4.8474    0.2711    0.0140
5.300000    8.8982    0.6773    7.8968    0.3075    0.0165
5.400000    6.8061    0.7725    5.7160    0.2982    0.0194
5.500000    8.2075    0.8776    6.9869    0.3206    0.0225
5.700000    16.8392    1.1182    15.2726    0.4185    0.0299
5.900000    16.9928    1.4018    15.1061    0.4461    0.0388
6.100000    39.5226    1.7301    37.1365    0.6064    0.0495
6.300000    87.8224    2.1043    84.6119    1.0440    0.0621
6.500000    43.0472    2.5250    39.7396    0.7057    0.0769
6.700000    38.9377    2.9919    35.1386    0.7132    0.0940
6.900000    45.4978    3.5044    41.0679    0.8119    0.1136
7.100000    50.8015    4.0612    45.7011    0.9032    0.1360
7.300000    71.2072    4.6606    65.2684    1.1165    0.1617
7.500000    116.0453    5.3002    109.0343    1.5200    0.1909
7.700000    144.5306    5.9775    136.5366    1.7922    0.2243
7.900000    120.1502    6.6896    111.5384    1.6600    0.2623
8.100000    87.2747    7.4334    78.0641    1.4715    0.3057
8.300000    80.0637    8.2057    70.0208    1.4820    0.3553
8.500000    88.7461    9.0030    77.7188    1.6122    0.4121
8.700000    84.4168    9.8219    72.4687    1.6488    0.4774
8.900000    57.3511    10.6589    44.6141    1.5259    0.5523
9.100000    50.8249    11.5105    37.1221    1.5536    0.6386
9.300000    48.4731    12.3734    33.7492    1.6125    0.7379
9.500000    48.4613    13.2443    32.6763    1.6885    0.8522
9.700000    52.5345    14.1200    35.6887    1.7420    0.9837
9.900000    55.4844    14.9975    37.5139    1.8381    1.1350
10.100000    54.7884    15.8738    35.6986    1.9080    1.3080
10.300000    54.4380    16.7462    34.2071    1.9777    1.5070
10.500000    60.9516    17.6122    39.5143    2.0911    1.7340
10.700000    66.2660    18.4694    43.6086    2.1949    1.9930
10.900000    75.5663    19.3156    51.6405    2.3232    2.2870
11.100000    109.8166    20.1487    84.4331    2.6137    2.6210
11.300000    159.5716    20.9670    132.6024    3.0042    2.9980
11.500000    140.9277    21.7686    112.7951    2.9420    3.4220
11.700000    100.3493    22.5522    71.1653    2.7329    3.8990
11.900000    97.5202    23.3163    67.0011    2.7699    4.4330
12.100000    102.2121    24.1479    70.2033    2.8329    5.0280
12.300000    108.4028    25.0553    74.7158    2.9407    5.6910
12.500000    113.5438    25.9524    78.1255    3.0398    6.4260
12.700000    117.9786    26.8382    80.7701    3.1323    7.2380
12.900000    112.1753    27.7116    73.1744    3.1553    8.1340
13.100000    100.3037    28.5717    59.4777    3.1363    9.1180
13.300000    95.7029    29.4178    52.9221    3.1630    10.2000
13.500000    97.8655    30.2491    53.0044    3.2320    11.3800
13.700000    97.3425    31.0650    50.3265    3.2810    12.6700
13.900000    94.6205    31.8650    45.3723    3.3132    14.0700
14.100000    97.5673    32.6486    45.9386    3.3801    15.6000
14.300000    98.1441    33.4153    44.0497    3.4291    17.2500
14.500000    98.3848    34.1649    41.7067    3.4732    19.0400
14.700000    97.7276    34.8970    38.3517    3.5089    20.9700
14.900000    99.3876    35.6115    37.1689    3.5571    23.0500
15.100000    101.7632    36.3082    36.5577    3.6074    25.2900
15.300000    103.0958    36.9869    34.7609    3.6480    27.7000
15.500000    111.6936    37.6476    40.0223    3.7337    30.2900
16.500000    132.9574    40.6806    42.0413    3.9755    46.2600
17.500000    159.8827    43.2718    44.0344    4.1765    68.4000
18.500000    194.4678    45.4443    46.0032    4.3403    98.6800
19.500000    239.3506    47.2301    47.9496    4.4708    139.7000
20.500000    298.0124    48.6652    49.8751    4.5721    194.9000
21.500000    374.8156    49.7870    51.7807    4.6479    268.6000
22.500000    475.0010    50.6317    53.6675    4.7017    366.0000
23.500000    604.7073    51.2340    55.5366    4.7367    493.2000
24.500000    770.9702    51.6254    57.3890    4.7557    657.2000
25.500000    981.6988    51.3795    59.8919    4.7273    865.7000
26.500000    1245.2781    50.5325    63.0902    4.6554    1127.0000
27.500000    1570.4799    49.5717    66.3314    4.5768    1450.0000
28.500000    1965.6307    48.5223    69.6149    4.4934    1843.0000
29.500000    2439.7528    47.4060    72.9398    4.4069    2315.0000
30.500000    3000.8650    46.2408    76.3057    4.3185    2874.0000
31.000000    3252.9227    45.6447    78.0039    4.2740    3125.0000
