# Output of JWST_backgrounds version 1.1.2
# background cache version 1.0

# for RA=260.0, DEC=29.98333333333333 On calendar day 119
# Columns: 
# - Wavelength [micron] 
# - Total background (MJy/sr)
# - In-field zodiacal light (MJy/sr)
# - In-field galactic light (MJy/sr)
# - Stray light (MJy/sr)
# - Thermal self-emission (MJy/sr)
0.500000    0.1600    0.1347    0.0031    0.0222    0.0000
0.600000    0.2228    0.1780    0.0044    0.0404    0.0000
0.700000    0.2480    0.1998    0.0053    0.0429    0.0000
0.800000    0.2577    0.2062    0.0062    0.0452    0.0000
0.900000    0.2554    0.2026    0.0066    0.0462    0.0000
1.000000    0.2683    0.1930    0.0070    0.0683    0.0000
1.100000    0.2535    0.1802    0.0073    0.0660    0.0000
1.200000    0.2373    0.1662    0.0075    0.0636    0.0000
1.300000    0.2247    0.1553    0.0079    0.0616    0.0000
1.400000    0.2157    0.1474    0.0082    0.0600    0.0000
1.500000    0.2066    0.1396    0.0085    0.0585    0.0000
1.600000    0.1978    0.1320    0.0088    0.0569    0.0000
1.700000    0.1893    0.1248    0.0091    0.0555    0.0000
1.800000    0.1757    0.1179    0.0093    0.0485    0.0000
1.900000    0.1682    0.1115    0.0095    0.0472    0.0000
2.000000    0.1611    0.1055    0.0096    0.0460    0.0000
2.100000    0.1552    0.0999    0.0097    0.0455    0.0000
2.200000    0.1497    0.0947    0.0098    0.0452    0.0000
2.300000    0.1435    0.0887    0.0100    0.0447    0.0000
2.400000    0.1378    0.0832    0.0102    0.0444    0.0000
2.500000    0.1325    0.0781    0.0104    0.0440    0.0000
2.600000    0.1277    0.0734    0.0106    0.0437    0.0000
2.700000    0.1232    0.0690    0.0107    0.0435    0.0000
2.800000    0.1191    0.0650    0.0108    0.0433    0.0000
2.900000    0.1023    0.0613    0.0110    0.0300    0.0000
3.000000    0.0988    0.0579    0.0111    0.0298    0.0000
3.100000    0.0952    0.0547    0.0112    0.0292    0.0000
3.200000    0.0935    0.0518    0.0125    0.0291    0.0000
3.300000    0.0973    0.0490    0.0178    0.0304    0.0001
3.400000    0.0860    0.0465    0.0117    0.0277    0.0001
3.500000    0.0975    0.0570    0.0116    0.0287    0.0002
3.700000    0.1060    0.0647    0.0119    0.0291    0.0003
4.000000    0.1347    0.0901    0.0124    0.0312    0.0009
4.250000    0.1705    0.1284    0.0127    0.0275    0.0019
4.500000    0.2353    0.1859    0.0131    0.0328    0.0035
4.750000    0.3244    0.2649    0.0136    0.0398    0.0061
5.000000    0.4388    0.3661    0.0143    0.0486    0.0099
5.100000    0.5026    0.4220    0.0146    0.0542    0.0118
5.200000    0.5732    0.4841    0.0148    0.0602    0.0140
5.300000    0.6581    0.5526    0.0204    0.0685    0.0165
5.400000    0.7383    0.6279    0.0164    0.0747    0.0194
5.500000    0.8345    0.7099    0.0188    0.0833    0.0225
5.700000    1.0649    0.8953    0.0341    0.1057    0.0299
5.900000    1.3086    1.1094    0.0339    0.1265    0.0388
6.100000    1.6340    1.3527    0.0746    0.1572    0.0495
6.300000    2.0589    1.6250    0.1623    0.2095    0.0621
6.500000    2.2970    1.9255    0.0796    0.2150    0.0769
6.700000    2.6632    2.2532    0.0712    0.2449    0.0940
6.900000    3.0857    2.6066    0.0822    0.2833    0.1136
7.100000    3.5343    2.9839    0.0908    0.3236    0.1360
7.300000    4.0465    3.3831    0.1270    0.3747    0.1617
7.500000    4.6425    3.8018    0.2078    0.4420    0.1909
7.700000    5.2231    4.2379    0.2586    0.5023    0.2243
7.900000    5.6981    4.6887    0.2127    0.5344    0.2623
8.100000    6.1716    5.1518    0.1511    0.5630    0.3057
8.300000    6.7238    5.6246    0.1365    0.6074    0.3553
8.500000    7.3300    6.1048    0.1508    0.6622    0.4121
8.700000    7.9190    6.5899    0.1413    0.7103    0.4774
8.900000    8.4655    7.0777    0.0901    0.7454    0.5523
9.100000    9.0741    7.5660    0.0764    0.7931    0.6386
9.300000    9.7043    8.0526    0.0703    0.8435    0.7379
9.500000    10.3518    8.5357    0.0685    0.8954    0.8522
9.700000    11.0168    9.0135    0.0742    0.9453    0.9837
9.900000    11.6959    9.4845    0.0777    0.9987    1.1350
10.100000    12.3762    9.9470    0.0746    1.0466    1.3080
10.300000    13.0700    10.3999    0.0720    1.0912    1.5070
10.500000    13.7966    10.8418    0.0819    1.1389    1.7340
10.700000    14.5391    11.2719    0.0897    1.1846    1.9930
10.900000    15.3121    11.6890    0.1046    1.2314    2.2870
11.100000    16.1714    12.0926    0.1653    1.2925    2.6210
11.300000    17.0959    12.4820    0.2543    1.3617    2.9980
11.500000    17.8831    12.8565    0.2179    1.3867    3.4220
11.700000    18.6525    13.2158    0.1413    1.3965    3.8990
11.900000    19.5544    13.5595    0.1338    1.4282    4.4330
12.100000    20.5714    13.9382    0.1398    1.4654    5.0280
12.300000    21.7055    14.3561    0.1483    1.5101    5.6910
12.500000    22.8972    14.7634    0.1547    1.5531    6.4260
12.700000    24.1521    15.1597    0.1598    1.5945    7.2380
12.900000    25.4534    15.5450    0.1459    1.6284    8.1340
13.100000    26.8151    15.9190    0.1209    1.6573    9.1180
13.300000    28.2800    16.2815    0.1089    1.6896    10.2000
13.500000    29.8466    16.6325    0.1093    1.7248    11.3800
13.700000    31.5037    16.9720    0.1045    1.7572    12.6700
13.900000    33.2524    17.2999    0.0955    1.7870    14.0700
14.100000    35.1321    17.6162    0.0967    1.8191    15.6000
14.300000    37.1130    17.9211    0.0934    1.8485    17.2500
14.500000    39.2203    18.2146    0.0893    1.8765    19.0400
14.700000    41.4527    18.4968    0.0833    1.9027    20.9700
14.900000    43.8282    18.7678    0.0812    1.9292    23.0500
15.100000    46.3529    19.0278    0.0802    1.9549    25.2900
15.300000    49.0328    19.2769    0.0770    1.9788    27.7000
15.500000    51.8983    19.5154    0.0869    2.0061    30.2900
16.500000    69.0178    20.5544    0.0915    2.1120    46.2600
17.500000    92.0484    21.3580    0.0961    2.1944    68.4000
18.500000    122.9915    21.9549    0.1005    2.2561    98.6800
19.500000    164.4787    22.3736    0.1050    2.3001    139.7000
20.500000    219.9793    22.6407    0.1096    2.3289    194.9000
21.500000    293.8396    22.7804    0.1142    2.3450    268.6000
22.500000    391.2830    22.8138    0.1188    2.3504    366.0000
23.500000    518.4299    22.7596    0.1234    2.3469    493.2000
24.500000    682.2980    22.6336    0.1281    2.3362    657.2000
25.500000    890.3863    22.2522    0.1341    2.3000    865.7000
26.500000    1151.0200    21.6380    0.1414    2.2406    1127.0000
27.500000    1473.3308    21.0030    0.1488    2.1791    1450.0000
28.500000    1865.6289    20.3561    0.1565    2.1163    1843.0000
29.500000    2336.9222    19.7048    0.1643    2.0531    2315.0000
30.500000    2895.2170    19.0547    0.1723    1.9899    2874.0000
31.000000    3145.8666    18.7316    0.1764    1.9585    3125.0000
