# Output of JWST_backgrounds version 1.1.2
# background cache version 1.0

# for RA=261.6833333333333, DEC=-73.33222222222219 On calendar day 123
# Columns: 
# - Wavelength [micron] 
# - Total background (MJy/sr)
# - In-field zodiacal light (MJy/sr)
# - In-field galactic light (MJy/sr)
# - Stray light (MJy/sr)
# - Thermal self-emission (MJy/sr)
0.500000    0.1567    0.1285    0.0040    0.0242    0.0000
0.600000    0.2221    0.1699    0.0057    0.0466    0.0000
0.700000    0.2466    0.1907    0.0067    0.0492    0.0000
0.800000    0.2563    0.1968    0.0078    0.0516    0.0000
0.900000    0.2542    0.1933    0.0082    0.0526    0.0000
1.000000    0.2764    0.1841    0.0086    0.0836    0.0000
1.100000    0.2619    0.1720    0.0087    0.0812    0.0000
1.200000    0.2460    0.1586    0.0089    0.0786    0.0000
1.300000    0.2337    0.1482    0.0091    0.0764    0.0000
1.400000    0.2250    0.1408    0.0095    0.0747    0.0000
1.500000    0.2162    0.1333    0.0098    0.0730    0.0000
1.600000    0.2076    0.1261    0.0101    0.0714    0.0000
1.700000    0.1994    0.1192    0.0103    0.0698    0.0000
1.800000    0.1872    0.1127    0.0106    0.0640    0.0000
1.900000    0.1799    0.1066    0.0107    0.0625    0.0000
2.000000    0.1729    0.1009    0.0109    0.0611    0.0000
2.100000    0.1673    0.0956    0.0110    0.0607    0.0000
2.200000    0.1620    0.0906    0.0111    0.0603    0.0000
2.300000    0.1562    0.0849    0.0114    0.0600    0.0000
2.400000    0.1509    0.0796    0.0117    0.0596    0.0000
2.500000    0.1459    0.0747    0.0119    0.0593    0.0000
2.600000    0.1414    0.0702    0.0121    0.0590    0.0000
2.700000    0.1372    0.0661    0.0124    0.0588    0.0000
2.800000    0.1335    0.0622    0.0126    0.0586    0.0000
2.900000    0.1127    0.0587    0.0128    0.0412    0.0000
3.000000    0.1095    0.0554    0.0130    0.0410    0.0000
3.100000    0.1059    0.0524    0.0132    0.0402    0.0000
3.200000    0.1049    0.0496    0.0152    0.0401    0.0000
3.300000    0.1118    0.0470    0.0229    0.0419    0.0001
3.400000    0.0966    0.0445    0.0140    0.0380    0.0001
3.500000    0.1074    0.0545    0.0139    0.0388    0.0002
3.700000    0.1153    0.0618    0.0144    0.0387    0.0003
4.000000    0.1422    0.0861    0.0152    0.0400    0.0009
4.250000    0.1736    0.1227    0.0157    0.0333    0.0019
4.500000    0.2358    0.1777    0.0164    0.0381    0.0035
4.750000    0.3214    0.2534    0.0171    0.0448    0.0061
5.000000    0.4318    0.3506    0.0181    0.0532    0.0099
5.100000    0.4936    0.4043    0.0187    0.0588    0.0118
5.200000    0.5620    0.4640    0.0189    0.0650    0.0140
5.300000    0.6473    0.5300    0.0271    0.0736    0.0165
5.400000    0.7227    0.6024    0.0213    0.0797    0.0194
5.500000    0.8172    0.6814    0.0247    0.0886    0.0225
5.700000    1.0491    0.8600    0.0471    0.1121    0.0299
5.900000    1.2853    1.0666    0.0467    0.1332    0.0388
6.100000    1.6225    1.3015    0.1062    0.1653    0.0495
6.300000    2.0850    1.5646    0.2341    0.2242    0.0621
6.500000    2.2697    1.8552    0.1133    0.2243    0.0769
6.700000    2.6214    2.1724    0.1010    0.2541    0.0940
6.900000    3.0392    2.5148    0.1171    0.2938    0.1136
7.100000    3.4814    2.8806    0.1296    0.3352    0.1360
7.300000    4.0017    3.2679    0.1824    0.3897    0.1617
7.500000    4.6297    3.6745    0.3004    0.4639    0.1909
7.700000    5.2262    4.0982    0.3746    0.5291    0.2243
7.900000    5.6646    4.5365    0.3074    0.5584    0.2623
8.100000    6.0929    4.9871    0.2174    0.5827    0.3057
8.300000    6.6254    5.4475    0.1959    0.6267    0.3553
8.500000    7.2278    5.9154    0.2168    0.6835    0.4121
8.700000    7.8001    6.3884    0.2028    0.7315    0.4774
8.900000    8.3074    6.8642    0.1279    0.7629    0.5523
9.100000    8.8975    7.3409    0.1079    0.8101    0.6386
9.300000    9.5138    7.8162    0.0990    0.8607    0.7379
9.500000    10.1500    8.2884    0.0962    0.9131    0.8522
9.700000    10.8064    8.7557    0.1045    0.9625    0.9837
9.900000    11.4780    9.2166    0.1096    1.0169    1.1350
10.100000    12.1476    9.6695    0.1049    1.0652    1.3080
10.300000    12.8314    10.1132    0.1010    1.1101    1.5070
10.500000    13.5554    10.5465    0.1155    1.1594    1.7340
10.700000    14.2945    10.9683    0.1267    1.2065    1.9930
10.900000    15.0688    11.3779    0.1485    1.2554    2.2870
11.100000    15.9551    11.7743    0.2370    1.3229    2.6210
11.300000    16.9230    12.1569    0.3669    1.4012    2.9980
11.500000    17.6843    12.5252    0.3137    1.4233    3.4220
11.700000    18.4059    12.8788    0.2017    1.4264    3.8990
11.900000    19.2989    13.2173    0.1907    1.4580    4.4330
12.100000    20.3128    13.5900    0.1994    1.4953    5.0280
12.300000    21.4453    14.0010    0.2117    1.5416    5.6910
12.500000    22.6346    14.4017    0.2211    1.5858    6.4260
12.700000    23.8867    14.7919    0.2284    1.6284    7.2380
12.900000    25.1751    15.1714    0.2081    1.6616    8.1340
13.100000    26.5180    15.5398    0.1714    1.6888    9.1180
13.300000    27.9716    15.8972    0.1539    1.7205    10.2000
13.500000    29.5341    16.2434    0.1543    1.7564    11.3800
13.700000    31.1846    16.5784    0.1472    1.7889    12.6700
13.900000    32.9246    16.9021    0.1341    1.8185    14.0700
14.100000    34.8016    17.2146    0.1358    1.8513    15.6000
14.300000    36.7776    17.5159    0.1308    1.8809    17.2500
14.500000    38.8798    17.8060    0.1247    1.9090    19.0400
14.700000    41.1062    18.0852    0.1158    1.9352    20.9700
14.900000    43.4782    18.3534    0.1128    1.9620    23.0500
15.100000    46.0003    18.6109    0.1113    1.9882    25.2900
15.300000    48.6766    18.8578    0.1065    2.0123    27.7000
15.500000    51.5460    19.0942    0.1208    2.0410    30.2900
16.500000    68.6628    20.1262    0.1272    2.1494    46.2600
17.500000    91.6950    20.9274    0.1335    2.2340    68.4000
18.500000    122.6427    21.5256    0.1396    2.2976    98.6800
19.500000    164.1371    21.9482    0.1457    2.3431    139.7000
20.500000    219.6466    22.2214    0.1520    2.3732    194.9000
21.500000    293.5171    22.3686    0.1582    2.3903    268.6000
22.500000    390.9716    22.4108    0.1644    2.3965    366.0000
23.500000    518.1302    22.3660    0.1706    2.3936    493.2000
24.500000    682.0102    22.2499    0.1768    2.3834    657.2000
25.500000    890.1143    21.8820    0.1849    2.3473    865.7000
26.500000    1150.7670    21.2843    0.1949    2.2877    1127.0000
27.500000    1473.0963    20.6653    0.2051    2.2259    1450.0000
28.500000    1865.4124    20.0340    0.2156    2.1629    1843.0000
29.500000    2336.7231    19.3975    0.2263    2.0993    2315.0000
30.500000    2895.0347    18.7617    0.2371    2.0359    2874.0000
31.000000    3145.6925    18.4456    0.2426    2.0043    3125.0000
