# Output of JWST_backgrounds version 1.1.2
# background cache version 1.0

# for RA=215.8125, DEC=53.20833333333334 On calendar day 126
# Columns: 
# - Wavelength [micron] 
# - Total background (MJy/sr)
# - In-field zodiacal light (MJy/sr)
# - In-field galactic light (MJy/sr)
# - Stray light (MJy/sr)
# - Thermal self-emission (MJy/sr)
0.500000    0.1498    0.1293    0.0015    0.0189    0.0000
0.600000    0.2044    0.1709    0.0021    0.0313    0.0000
0.700000    0.2283    0.1919    0.0027    0.0337    0.0000
0.800000    0.2369    0.1981    0.0033    0.0355    0.0000
0.900000    0.2345    0.1946    0.0038    0.0362    0.0000
1.000000    0.2368    0.1853    0.0043    0.0471    0.0000
1.100000    0.2230    0.1731    0.0048    0.0451    0.0000
1.200000    0.2079    0.1596    0.0052    0.0430    0.0000
1.300000    0.1963    0.1493    0.0056    0.0414    0.0000
1.400000    0.1881    0.1421    0.0060    0.0401    0.0000
1.500000    0.1800    0.1349    0.0063    0.0388    0.0000
1.600000    0.1720    0.1278    0.0066    0.0376    0.0000
1.700000    0.1643    0.1211    0.0068    0.0364    0.0000
1.800000    0.1529    0.1147    0.0070    0.0312    0.0000
1.900000    0.1460    0.1087    0.0072    0.0301    0.0000
2.000000    0.1396    0.1030    0.0074    0.0292    0.0000
2.100000    0.1339    0.0978    0.0075    0.0287    0.0000
2.200000    0.1286    0.0929    0.0075    0.0282    0.0000
2.300000    0.1224    0.0871    0.0076    0.0276    0.0000
2.400000    0.1166    0.0817    0.0077    0.0272    0.0000
2.500000    0.1112    0.0768    0.0077    0.0267    0.0000
2.600000    0.1063    0.0722    0.0077    0.0263    0.0000
2.700000    0.1017    0.0680    0.0077    0.0259    0.0000
2.800000    0.0975    0.0642    0.0077    0.0255    0.0000
2.900000    0.0866    0.0606    0.0077    0.0183    0.0000
3.000000    0.0829    0.0573    0.0077    0.0180    0.0000
3.100000    0.0794    0.0542    0.0077    0.0175    0.0000
3.200000    0.0764    0.0513    0.0079    0.0172    0.0000
3.300000    0.0750    0.0486    0.0087    0.0175    0.0001
3.400000    0.0701    0.0462    0.0076    0.0163    0.0001
3.500000    0.0834    0.0583    0.0075    0.0175    0.0002
3.700000    0.0931    0.0671    0.0074    0.0182    0.0003
4.000000    0.1246    0.0956    0.0074    0.0207    0.0009
4.250000    0.1677    0.1377    0.0073    0.0208    0.0019
4.500000    0.2375    0.2003    0.0073    0.0265    0.0035
4.750000    0.3330    0.2857    0.0073    0.0340    0.0061
5.000000    0.4548    0.3943    0.0074    0.0432    0.0099
5.100000    0.5223    0.4542    0.0074    0.0488    0.0118
5.200000    0.5972    0.5206    0.0075    0.0551    0.0140
5.300000    0.6813    0.5938    0.0085    0.0625    0.0165
5.400000    0.7706    0.6739    0.0078    0.0696    0.0194
5.500000    0.8699    0.7611    0.0082    0.0780    0.0225
5.700000    1.0966    0.9576    0.0110    0.0982    0.0299
5.900000    1.3532    1.1839    0.0110    0.1194    0.0388
6.100000    1.6539    1.4401    0.0184    0.1459    0.0495
6.300000    2.0053    1.7259    0.0341    0.1832    0.0621
6.500000    2.3403    2.0403    0.0194    0.2037    0.0769
6.700000    2.7296    2.3822    0.0179    0.2355    0.0940
6.900000    3.1557    2.7499    0.0200    0.2723    0.1136
7.100000    3.6102    3.1413    0.0216    0.3113    0.1360
7.300000    4.1001    3.5542    0.0281    0.3561    0.1617
7.500000    4.6284    3.9863    0.0426    0.4086    0.1909
7.700000    5.1706    4.4351    0.0518    0.4595    0.2243
7.900000    5.7038    4.8978    0.0437    0.5000    0.2623
8.100000    6.2505    5.3720    0.0329    0.5400    0.3057
8.300000    6.8277    5.8550    0.0304    0.5870    0.3553
8.500000    7.4283    6.3443    0.0331    0.6388    0.4121
8.700000    8.0347    6.8374    0.0315    0.6884    0.4774
8.900000    8.6398    7.3320    0.0225    0.7330    0.5523
9.100000    9.2677    7.8260    0.0202    0.7829    0.6386
9.300000    9.9083    8.3172    0.0192    0.8340    0.7379
9.500000    10.5605    8.8037    0.0190    0.8856    0.8522
9.700000    11.2234    9.2838    0.0201    0.9358    0.9837
9.900000    11.8994    9.7559    0.0209    0.9876    1.1350
10.100000    12.5824    10.2185    0.0205    1.0354    1.3080
10.300000    13.2774    10.6703    0.0202    1.0799    1.5070
10.500000    13.9913    11.1103    0.0221    1.1250    1.7340
10.700000    14.7223    11.5373    0.0236    1.1684    1.9930
10.900000    15.4755    11.9506    0.0264    1.2115    2.2870
11.100000    16.2673    12.3495    0.0373    1.2594    2.6210
11.300000    17.0944    12.7333    0.0533    1.3098    2.9980
11.500000    17.9119    13.1015    0.0470    1.3413    3.4220
11.700000    18.7521    13.4539    0.0335    1.3658    3.8990
11.900000    19.6534    13.7900    0.0322    1.3981    4.4330
12.100000    20.6574    14.1615    0.0334    1.4345    5.0280
12.300000    21.7749    14.5723    0.0351    1.4766    5.6910
12.500000    22.9516    14.9719    0.0364    1.5173    6.4260
12.700000    24.1922    15.3601    0.0374    1.5567    7.2380
12.900000    25.4981    15.7367    0.0351    1.5923    8.1340
13.100000    26.8756    16.1016    0.0307    1.6253    9.1180
13.300000    28.3422    16.4546    0.0288    1.6589    10.2000
13.500000    29.8977    16.7957    0.0290    1.6930    11.3800
13.700000    31.5485    17.1250    0.0283    1.7252    12.6700
13.900000    33.2949    17.4424    0.0268    1.7557    14.0700
14.100000    35.1616    17.7480    0.0272    1.7865    15.6000
14.300000    37.1340    18.0419    0.0267    1.8155    17.2500
14.500000    39.2335    18.3242    0.0261    1.8432    19.0400
14.700000    41.4597    18.5950    0.0252    1.8695    20.9700
14.900000    43.8247    18.8546    0.0249    1.8953    23.0500
15.100000    46.3379    19.1030    0.0248    1.9201    25.2900
15.300000    49.0084    19.3404    0.0244    1.9435    27.7000
15.500000    51.8511    19.5672    0.0262    1.9677    30.2900
16.500000    68.9025    20.5474    0.0278    2.0673    46.2600
17.500000    91.8666    21.2934    0.0294    2.1438    68.4000
18.500000    122.7464    21.8355    0.0308    2.2000    98.6800
19.500000    164.1744    22.2031    0.0324    2.2389    139.7000
20.500000    219.6206    22.4234    0.0341    2.2632    194.9000
21.500000    293.4315    22.5206    0.0358    2.2751    268.6000
22.500000    390.8303    22.5160    0.0375    2.2768    366.0000
23.500000    517.9374    22.4281    0.0393    2.2701    493.2000
24.500000    681.7701    22.2724    0.0412    2.2565    657.2000
25.500000    889.8300    21.8686    0.0434    2.2180    865.7000
26.500000    1150.4421    21.2393    0.0458    2.1570    1127.0000
27.500000    1472.7352    20.5928    0.0483    2.0941    1450.0000
28.500000    1865.0190    19.9378    0.0510    2.0303    1843.0000
29.500000    2336.3010    19.2810    0.0539    1.9661    2315.0000
30.500000    2894.5870    18.6280    0.0567    1.9023    2874.0000
31.000000    3145.2331    18.3042    0.0582    1.8706    3125.0000
