# Output of JWST_backgrounds version 1.1.2
# background cache version 1.0

# for RA=90.0, DEC=-66.56070833333331 On calendar day 126
# Columns: 
# - Wavelength [micron] 
# - Total background (MJy/sr)
# - In-field zodiacal light (MJy/sr)
# - In-field galactic light (MJy/sr)
# - Stray light (MJy/sr)
# - Thermal self-emission (MJy/sr)
0.500000    0.1319    0.1084    0.0031    0.0204    0.0000
0.600000    0.1857    0.1432    0.0044    0.0381    0.0000
0.700000    0.2064    0.1608    0.0053    0.0403    0.0000
0.800000    0.2146    0.1659    0.0062    0.0424    0.0000
0.900000    0.2129    0.1630    0.0066    0.0433    0.0000
1.000000    0.2275    0.1553    0.0071    0.0652    0.0000
1.100000    0.2155    0.1450    0.0073    0.0631    0.0000
1.200000    0.2022    0.1337    0.0076    0.0609    0.0000
1.300000    0.1924    0.1253    0.0079    0.0592    0.0000
1.400000    0.1858    0.1198    0.0082    0.0578    0.0000
1.500000    0.1791    0.1141    0.0086    0.0564    0.0000
1.600000    0.1725    0.1086    0.0088    0.0551    0.0000
1.700000    0.1661    0.1032    0.0091    0.0538    0.0000
1.800000    0.1544    0.0981    0.0093    0.0470    0.0000
1.900000    0.1487    0.0933    0.0095    0.0459    0.0000
2.000000    0.1432    0.0887    0.0096    0.0448    0.0000
2.100000    0.1387    0.0845    0.0097    0.0444    0.0000
2.200000    0.1344    0.0805    0.0098    0.0441    0.0000
2.300000    0.1293    0.0756    0.0100    0.0437    0.0000
2.400000    0.1246    0.0711    0.0103    0.0433    0.0000
2.500000    0.1203    0.0669    0.0104    0.0430    0.0000
2.600000    0.1163    0.0630    0.0106    0.0427    0.0000
2.700000    0.1126    0.0594    0.0107    0.0425    0.0000
2.800000    0.1092    0.0561    0.0109    0.0422    0.0000
2.900000    0.0931    0.0531    0.0110    0.0290    0.0000
3.000000    0.0902    0.0502    0.0111    0.0288    0.0000
3.100000    0.0871    0.0476    0.0113    0.0282    0.0000
3.200000    0.0859    0.0452    0.0126    0.0281    0.0000
3.300000    0.0905    0.0429    0.0179    0.0296    0.0001
3.400000    0.0793    0.0408    0.0117    0.0267    0.0001
3.500000    0.0955    0.0554    0.0117    0.0282    0.0002
3.700000    0.1074    0.0661    0.0119    0.0290    0.0003
4.000000    0.1432    0.0982    0.0124    0.0316    0.0009
4.250000    0.1877    0.1439    0.0127    0.0291    0.0019
4.500000    0.2622    0.2103    0.0132    0.0352    0.0035
4.750000    0.3621    0.2992    0.0136    0.0432    0.0061
5.000000    0.4876    0.4104    0.0143    0.0529    0.0099
5.100000    0.5569    0.4715    0.0147    0.0590    0.0118
5.200000    0.6332    0.5388    0.0149    0.0655    0.0140
5.300000    0.7245    0.6126    0.0205    0.0748    0.0165
5.400000    0.8099    0.6930    0.0165    0.0810    0.0194
5.500000    0.9119    0.7801    0.0189    0.0904    0.0225
5.700000    1.1542    0.9750    0.0343    0.1150    0.0299
5.900000    1.4069    1.1975    0.0341    0.1365    0.0388
6.100000    1.7436    1.4473    0.0751    0.1718    0.0495
6.300000    2.1805    1.7237    0.1632    0.2314    0.0621
6.500000    2.4127    2.0257    0.0801    0.2301    0.0769
6.700000    2.7761    2.3515    0.0716    0.2591    0.0940
6.900000    3.1933    2.6995    0.0827    0.2976    0.1136
7.100000    3.6322    3.0674    0.0914    0.3375    0.1360
7.300000    4.1318    3.4530    0.1278    0.3893    0.1617
7.500000    4.7128    3.8540    0.2090    0.4589    0.1909
7.700000    5.2713    4.2678    0.2602    0.5190    0.2243
7.900000    5.7143    4.6920    0.2140    0.5460    0.2623
8.100000    6.1507    5.1241    0.1520    0.5689    0.3057
8.300000    6.6637    5.5617    0.1373    0.6094    0.3553
8.500000    7.2273    6.0026    0.1517    0.6609    0.4121
8.700000    7.7685    6.4444    0.1421    0.7047    0.4774
8.900000    8.2625    6.8852    0.0906    0.7345    0.5523
9.100000    8.8159    7.3229    0.0768    0.7775    0.6386
9.300000    9.3877    7.7559    0.0707    0.8232    0.7379
9.500000    9.9737    8.1825    0.0689    0.8701    0.8522
9.700000    10.5748    8.6013    0.0746    0.9152    0.9837
9.900000    11.1870    9.0108    0.0782    0.9630    1.1350
10.100000    11.7987    9.4101    0.0750    1.0056    1.3080
10.300000    12.4224    9.7979    0.0724    1.0451    1.5070
10.500000    13.0774    10.1735    0.0824    1.0874    1.7340
10.700000    13.7471    10.5362    0.0902    1.1277    1.9930
10.900000    14.4465    10.8852    0.1052    1.1691    2.2870
11.100000    15.2314    11.2201    0.1662    1.2240    2.6210
11.300000    16.0812    11.5406    0.2558    1.2869    2.9980
11.500000    16.7942    11.8462    0.2192    1.3068    3.4220
11.700000    17.4899    12.1368    0.1421    1.3119    3.8990
11.900000    18.3182    12.4123    0.1345    1.3383    4.4330
12.100000    19.2577    12.7191    0.1406    1.3700    5.0280
12.300000    20.3093    13.0605    0.1491    1.4086    5.6910
12.500000    21.4184    13.3913    0.1556    1.4455    6.4260
12.700000    22.5908    13.7113    0.1607    1.4808    7.2380
12.900000    23.8099    14.0204    0.1468    1.5087    8.1340
13.100000    25.0899    14.3185    0.1215    1.5318    9.1180
13.300000    26.4735    14.6058    0.1095    1.5582    10.2000
13.500000    27.9595    14.8821    0.1099    1.5875    11.3800
13.700000    29.5367    15.1477    0.1051    1.6140    12.6700
13.900000    31.2065    15.4025    0.0961    1.6380    14.0700
14.100000    33.0082    15.6466    0.0973    1.6643    15.6000
14.300000    34.9123    15.8804    0.0939    1.6880    17.2500
14.500000    36.9439    16.1037    0.0898    1.7104    19.0400
14.700000    39.1018    16.3170    0.0837    1.7312    20.9700
14.900000    41.4041    16.5203    0.0816    1.7522    23.0500
15.100000    43.8569    16.7138    0.0806    1.7725    25.2900
15.300000    46.4664    16.8977    0.0774    1.7912    27.7000
15.500000    49.2629    17.0723    0.0873    1.8132    30.2900
16.500000    66.0598    17.8132    0.0919    1.8947    46.2600
17.500000    88.8071    18.3550    0.0966    1.9554    68.4000
18.500000    119.5058    18.7264    0.1010    1.9983    98.6800
19.500000    160.7860    18.9543    0.1055    2.0262    139.7000
20.500000    216.1145    19.0629    0.1102    2.0414    194.9000
21.500000    289.8344    19.0734    0.1148    2.0462    268.6000
22.500000    387.1658    19.0040    0.1194    2.0424    366.0000
23.500000    514.2260    18.8703    0.1240    2.0316    493.2000
24.500000    678.0294    18.6853    0.1288    2.0153    657.2000
25.500000    886.1104    18.2978    0.1348    1.9778    865.7000
26.500000    1146.7910    17.7277    0.1421    1.9212    1127.0000
27.500000    1469.1622    17.1491    0.1495    1.8635    1450.0000
28.500000    1861.5315    16.5687    0.1573    1.8055    1843.0000
29.500000    2332.9044    15.9915    0.1652    1.7477    2315.0000
30.500000    2891.2855    15.4217    0.1732    1.6905    2874.0000
31.000000    3141.9802    15.1406    0.1773    1.6623    3125.0000
