# Output of JWST_backgrounds version 1.1.2
# background cache version 1.0

# for RA=277.0, DEC=-11.0 On calendar day 119
# Columns: 
# - Wavelength [micron] 
# - Total background (MJy/sr)
# - In-field zodiacal light (MJy/sr)
# - In-field galactic light (MJy/sr)
# - Stray light (MJy/sr)
# - Thermal self-emission (MJy/sr)
0.500000    1.0876    0.2534    0.7872    0.0469    0.0000
0.600000    1.5670    0.3349    1.1387    0.0934    0.0000
0.700000    1.7755    0.3760    1.3000    0.0995    0.0000
0.800000    1.9516    0.3881    1.4581    0.1054    0.0000
0.900000    1.8978    0.3812    1.4099    0.1067    0.0000
1.000000    1.9684    0.3631    1.3682    0.2371    0.0000
1.100000    1.8358    0.3392    1.2665    0.2302    0.0000
1.200000    1.7165    0.3128    1.1803    0.2234    0.0000
1.300000    1.6519    0.2918    1.1421    0.2179    0.0000
1.400000    1.6325    0.2765    1.1425    0.2135    0.0000
1.500000    1.6132    0.2612    1.1428    0.2092    0.0000
1.600000    1.5945    0.2465    1.1431    0.2049    0.0000
1.700000    1.5765    0.2324    1.1433    0.2007    0.0000
1.800000    1.6452    0.2192    1.1436    0.2824    0.0000
1.900000    1.6268    0.2068    1.1438    0.2763    0.0000
2.000000    1.6093    0.1952    1.1439    0.2702    0.0000
2.100000    1.5960    0.1845    1.1440    0.2675    0.0000
2.200000    1.5834    0.1745    1.1441    0.2648    0.0000
2.300000    1.6379    0.1633    1.2119    0.2628    0.0000
2.400000    1.6943    0.1529    1.2805    0.2608    0.0000
2.500000    1.7523    0.1434    1.3500    0.2589    0.0000
2.600000    1.8120    0.1346    1.4203    0.2571    0.0000
2.700000    1.8733    0.1265    1.4914    0.2554    0.0000
2.800000    1.9360    0.1190    1.5634    0.2536    0.0000
2.900000    1.9591    0.1121    1.6361    0.2110    0.0000
3.000000    2.0247    0.1057    1.7095    0.2094    0.0000
3.100000    2.0936    0.0998    1.7840    0.2098    0.0000
3.200000    2.6677    0.0943    2.3580    0.2153    0.0000
3.300000    4.8974    0.0892    4.5702    0.2379    0.0001
3.400000    2.3609    0.0844    2.0648    0.2116    0.0001
3.500000    2.3966    0.0955    2.0874    0.2136    0.0002
3.700000    2.5726    0.1027    2.2529    0.2167    0.0003
4.000000    2.8639    0.1319    2.5077    0.2234    0.0009
4.250000    3.0862    0.1790    2.7254    0.1798    0.0019
4.500000    3.3946    0.2524    2.9483    0.1905    0.0035
4.750000    3.7419    0.3559    3.1759    0.2040    0.0061
5.000000    4.1913    0.4915    3.4688    0.2211    0.0099
5.100000    4.4360    0.5671    3.6268    0.2303    0.0118
5.200000    4.5968    0.6517    3.6916    0.2394    0.0140
5.300000    7.0488    0.7459    6.0131    0.2732    0.0165
5.400000    5.4883    0.8499    4.3529    0.2661    0.0194
5.500000    6.5948    0.9643    5.3204    0.2876    0.0225
5.700000    13.2619    1.2251    11.6282    0.3788    0.0299
5.900000    13.4783    1.5306    11.5014    0.4074    0.0388
6.100000    30.7655    1.8824    28.2728    0.5608    0.0495
6.300000    67.7208    2.2811    64.4149    0.9626    0.0621
6.500000    33.7198    2.7270    30.2545    0.6614    0.0769
6.700000    30.7392    3.2194    26.7519    0.6740    0.0940
6.900000    35.9067    3.7571    31.2657    0.7703    0.1136
7.100000    40.1279    4.3384    34.7929    0.8606    0.1360
7.300000    55.8757    4.9610    49.6891    1.0639    0.1617
7.500000    90.2646    5.6223    83.0073    1.4441    0.1909
7.700000    112.1931    6.3194    103.9444    1.7050    0.2243
7.900000    93.8163    7.0488    84.9137    1.5915    0.2623
8.100000    68.9679    7.8072    59.4304    1.4245    0.3057
8.300000    63.6961    8.5911    53.3072    1.4425    0.3553
8.500000    70.5492    9.3967    59.1676    1.5728    0.4121
8.700000    67.4839    10.2204    55.1709    1.6152    0.4774
8.900000    47.0830    11.0585    33.9657    1.5065    0.5523
9.100000    42.3482    11.9076    28.2623    1.5397    0.6386
9.300000    40.7989    12.7641    25.6946    1.6023    0.7379
9.500000    41.0358    13.6247    24.8778    1.6811    0.8522
9.700000    44.3838    14.4863    27.1712    1.7427    0.9837
9.900000    46.8823    15.3457    28.5606    1.8409    1.1350
10.100000    46.6000    16.2003    27.1787    1.9130    1.3080
10.300000    46.5813    17.0473    26.0433    1.9837    1.5070
10.500000    51.7986    17.8843    30.0836    2.0967    1.7340
10.700000    56.1030    18.7090    33.2006    2.2003    1.9930
10.900000    63.4491    19.5195    39.3152    2.3275    2.2870
11.100000    89.8260    20.3138    64.2796    2.6117    2.6210
11.300000    128.0308    21.0902    100.9500    2.9926    2.9980
11.500000    114.0752    21.8473    85.8711    2.9348    3.4220
11.700000    83.3966    22.5838    54.1792    2.7346    3.8990
11.900000    81.5131    23.2984    51.0091    2.7726    4.4330
12.100000    85.3917    24.0782    53.4469    2.8387    5.0280
12.300000    90.4499    24.9309    56.8822    2.9457    5.6910
12.500000    94.7191    25.7708    59.4780    3.0442    6.4260
12.700000    98.4624    26.5969    61.4913    3.1362    7.2380
12.900000    94.4121    27.4084    55.7089    3.1608    8.1340
13.100000    85.7489    28.2045    45.2819    3.1446    9.1180
13.300000    82.6483    28.9845    40.2913    3.1724    10.2000
13.500000    84.7232    29.7481    40.3540    3.2412    11.3800
13.700000    84.7704    30.4945    38.3154    3.2905    12.6700
13.900000    83.1608    31.2236    34.5439    3.3233    14.0700
14.100000    85.8996    31.9348    34.9750    3.3898    15.6000
14.300000    86.8538    32.6281    33.5371    3.4386    17.2500
14.500000    87.5794    33.3031    31.7535    3.4828    19.0400
14.700000    87.6477    33.9598    29.1994    3.5185    20.9700
14.900000    89.5135    34.5980    28.2990    3.5664    23.0500
15.100000    91.9576    35.2177    27.8337    3.6162    25.2900
15.300000    93.6414    35.8190    26.4659    3.6565    27.7000
15.500000    100.9035    36.4018    30.4714    3.7404    30.2900
16.500000    121.2891    39.0430    32.0085    3.9776    46.2600
17.500000    147.3461    41.2467    33.5261    4.1733    68.4000
18.500000    181.0818    43.0452    35.0251    4.3315    98.6800
19.500000    225.1404    44.4770    36.5071    4.4563    139.7000
20.500000    283.0073    45.5824    37.9732    4.5518    194.9000
21.500000    359.0471    46.4010    39.4241    4.6219    268.6000
22.500000    458.5016    46.9705    40.8608    4.6702    366.0000
23.500000    587.5093    47.3253    42.2840    4.7000    493.2000
24.500000    753.1050    47.4963    43.6945    4.7142    657.2000
25.500000    963.0756    47.0940    45.6002    4.6814    865.7000
26.500000    1225.7975    46.1565    48.0354    4.6057    1127.0000
27.500000    1550.1584    45.1316    50.5032    4.5237    1450.0000
28.500000    1944.4822    44.0416    53.0032    4.4373    1843.0000
29.500000    2417.7885    42.9054    55.5348    4.3482    2315.0000
30.500000    2978.0937    41.7385    58.0976    4.2576    2874.0000
31.000000    3229.7503    41.1476    59.3907    4.2120    3125.0000
